   8.723336110154417E-003
           3
          18
          21
   4.715321736698870E-001
   0.000000000000000E+000
   0.000000000000000E+000
   0.000000000000000E+000
   0.000000000000000E+000
   0.000000000000000E+000
   0.000000000000000E+000
   0.000000000000000E+000
   0.000000000000000E+000
   0.000000000000000E+000
   0.000000000000000E+000
   0.000000000000000E+000
   0.000000000000000E+000
   0.000000000000000E+000
   0.000000000000000E+000
   1.847637202782890E-001
   0.000000000000000E+000
   0.000000000000000E+000
   0.000000000000000E+000
   0.000000000000000E+000
   0.000000000000000E+000
   0.000000000000000E+000
   4.715321736698870E-001
   0.000000000000000E+000
   0.000000000000000E+000
   0.000000000000000E+000
   0.000000000000000E+000
   0.000000000000000E+000
   0.000000000000000E+000
   0.000000000000000E+000
   0.000000000000000E+000
   0.000000000000000E+000
   0.000000000000000E+000
   0.000000000000000E+000
   0.000000000000000E+000
   0.000000000000000E+000
   1.422814943629237E-001
   0.000000000000000E+000
   0.000000000000000E+000
   0.000000000000000E+000
   0.000000000000000E+000
   0.000000000000000E+000
   0.000000000000000E+000
   0.000000000000000E+000
   4.715321736698870E-001
   0.000000000000000E+000
   0.000000000000000E+000
   0.000000000000000E+000
   0.000000000000000E+000
   0.000000000000000E+000
   0.000000000000000E+000
   0.000000000000000E+000
   0.000000000000000E+000
   0.000000000000000E+000
   0.000000000000000E+000
   0.000000000000000E+000
   0.000000000000000E+000
   7.431818408593431E-002
   0.000000000000000E+000
   0.000000000000000E+000
   0.000000000000000E+000
   0.000000000000000E+000
   0.000000000000000E+000
   0.000000000000000E+000
   0.000000000000000E+000
   0.000000000000000E+000
   6.421137769670402E-001
   0.000000000000000E+000
   0.000000000000000E+000
   0.000000000000000E+000
   0.000000000000000E+000
   0.000000000000000E+000
   0.000000000000000E+000
   0.000000000000000E+000
   0.000000000000000E+000
        1.314919013785133
   0.000000000000000E+000
   0.000000000000000E+000
   1.200003895261915E-001
   0.000000000000000E+000
   0.000000000000000E+000
   0.000000000000000E+000
   0.000000000000000E+000
   0.000000000000000E+000
   0.000000000000000E+000
   0.000000000000000E+000
   0.000000000000000E+000
   0.000000000000000E+000
   6.421137769670402E-001
   0.000000000000000E+000
   0.000000000000000E+000
   0.000000000000000E+000
   0.000000000000000E+000
   0.000000000000000E+000
   0.000000000000000E+000
   0.000000000000000E+000
   9.447889325333479E-001
   0.000000000000000E+000
   0.000000000000000E+000
   8.622207051191265E-002
   0.000000000000000E+000
   0.000000000000000E+000
   0.000000000000000E+000
   0.000000000000000E+000
   0.000000000000000E+000
   0.000000000000000E+000
   0.000000000000000E+000
   0.000000000000000E+000
   0.000000000000000E+000
   0.000000000000000E+000
   6.421137769670402E-001
   0.000000000000000E+000
   0.000000000000000E+000
   0.000000000000000E+000
   0.000000000000000E+000
   0.000000000000000E+000
   0.000000000000000E+000
   1.909394033696558E-001
   0.000000000000000E+000
   0.000000000000000E+000
   1.742525778397588E-002
   0.000000000000000E+000
   0.000000000000000E+000
   0.000000000000000E+000
   0.000000000000000E+000
   0.000000000000000E+000
   0.000000000000000E+000
   0.000000000000000E+000
   0.000000000000000E+000
   0.000000000000000E+000
   0.000000000000000E+000
   0.000000000000000E+000
   8.698683842065053E-001
   0.000000000000000E+000
   0.000000000000000E+000
   0.000000000000000E+000
   0.000000000000000E+000
   0.000000000000000E+000
   0.000000000000000E+000
        1.426806388679241
   0.000000000000000E+000
   6.184861164774443E-002
   0.000000000000000E+000
   0.000000000000000E+000
   0.000000000000000E+000
   0.000000000000000E+000
   0.000000000000000E+000
   0.000000000000000E+000
   0.000000000000000E+000
   0.000000000000000E+000
   0.000000000000000E+000
   0.000000000000000E+000
   0.000000000000000E+000
   0.000000000000000E+000
   8.698683842065053E-001
   0.000000000000000E+000
   0.000000000000000E+000
   0.000000000000000E+000
   0.000000000000000E+000
   0.000000000000000E+000
   4.394872018760007E-001
   0.000000000000000E+000
   1.905070897400734E-002
   0.000000000000000E+000
   0.000000000000000E+000
   0.000000000000000E+000
   0.000000000000000E+000
   0.000000000000000E+000
   0.000000000000000E+000
   0.000000000000000E+000
   0.000000000000000E+000
   0.000000000000000E+000
   0.000000000000000E+000
   0.000000000000000E+000
   0.000000000000000E+000
   0.000000000000000E+000
   8.698683842065053E-001
   0.000000000000000E+000
   0.000000000000000E+000
   0.000000000000000E+000
   0.000000000000000E+000
  -4.192573003678704E-001
   0.000000000000000E+000
  -1.817379159266126E-002
   0.000000000000000E+000
   0.000000000000000E+000
   0.000000000000000E+000
   0.000000000000000E+000
   0.000000000000000E+000
   0.000000000000000E+000
   0.000000000000000E+000
   0.000000000000000E+000
   0.000000000000000E+000
   0.000000000000000E+000
   0.000000000000000E+000
   0.000000000000000E+000
   0.000000000000000E+000
   0.000000000000000E+000
   7.217076195094957E-001
   0.000000000000000E+000
   0.000000000000000E+000
   0.000000000000000E+000
   0.000000000000000E+000
        2.356696033122819
   1.727802766034216E-001
   0.000000000000000E+000
   0.000000000000000E+000
   0.000000000000000E+000
   0.000000000000000E+000
   0.000000000000000E+000
   0.000000000000000E+000
   0.000000000000000E+000
   0.000000000000000E+000
   0.000000000000000E+000
   0.000000000000000E+000
   0.000000000000000E+000
   0.000000000000000E+000
   0.000000000000000E+000
   0.000000000000000E+000
   0.000000000000000E+000
   7.217076195094957E-001
   0.000000000000000E+000
   0.000000000000000E+000
   0.000000000000000E+000
        1.897787701509547
   1.391355861735364E-001
   0.000000000000000E+000
   0.000000000000000E+000
   0.000000000000000E+000
   0.000000000000000E+000
   0.000000000000000E+000
   0.000000000000000E+000
   0.000000000000000E+000
   0.000000000000000E+000
   0.000000000000000E+000
   0.000000000000000E+000
   0.000000000000000E+000
   0.000000000000000E+000
   0.000000000000000E+000
   0.000000000000000E+000
   0.000000000000000E+000
   0.000000000000000E+000
   7.217076195094957E-001
   0.000000000000000E+000
   0.000000000000000E+000
        1.010344740590955
   7.407304178842310E-002
   0.000000000000000E+000
   0.000000000000000E+000
   0.000000000000000E+000
   0.000000000000000E+000
   0.000000000000000E+000
   0.000000000000000E+000
   0.000000000000000E+000
   0.000000000000000E+000
   0.000000000000000E+000
   0.000000000000000E+000
   0.000000000000000E+000
   0.000000000000000E+000
   0.000000000000000E+000
   0.000000000000000E+000
   0.000000000000000E+000
   0.000000000000000E+000
   0.000000000000000E+000
   4.366293721552926E-001
   0.000000000000000E+000
   0.000000000000000E+000
   6.133505360889274E-002
   0.000000000000000E+000
   0.000000000000000E+000
   0.000000000000000E+000
   0.000000000000000E+000
   0.000000000000000E+000
   0.000000000000000E+000
   0.000000000000000E+000
   0.000000000000000E+000
   0.000000000000000E+000
   0.000000000000000E+000
   0.000000000000000E+000
   0.000000000000000E+000
   0.000000000000000E+000
   0.000000000000000E+000
   0.000000000000000E+000
   0.000000000000000E+000
   0.000000000000000E+000
   0.000000000000000E+000
        1.085519483052884
   0.000000000000000E+000
   6.088133443203156E-002
   0.000000000000000E+000
   0.000000000000000E+000
   0.000000000000000E+000
   0.000000000000000E+000
   0.000000000000000E+000
   0.000000000000000E+000
   0.000000000000000E+000
   0.000000000000000E+000
   0.000000000000000E+000
   0.000000000000000E+000
   0.000000000000000E+000
   0.000000000000000E+000
   0.000000000000000E+000
   0.000000000000000E+000
   0.000000000000000E+000
   0.000000000000000E+000
   0.000000000000000E+000
   2.442393979883153E-001
   9.436644144608830E-001
   0.000000000000000E+000
   6.319502468244435E-002
   0.000000000000000E+000
   0.000000000000000E+000
   0.000000000000000E+000
   0.000000000000000E+000
   0.000000000000000E+000
   0.000000000000000E+000
   0.000000000000000E+000
   0.000000000000000E+000
   0.000000000000000E+000
   0.000000000000000E+000
   0.000000000000000E+000
   0.000000000000000E+000
   0.000000000000000E+000
   0.000000000000000E+000
   0.000000000000000E+000
   0.000000000000000E+000
   0.000000000000000E+000
   0.000000000000000E+000
   0.000000000000000E+000
   6.199559814191637E-001
   6.485406253514606E-002
   0.000000000000000E+000
   0.000000000000000E+000
   0.000000000000000E+000
   0.000000000000000E+000
   0.000000000000000E+000
   0.000000000000000E+000
   0.000000000000000E+000
   0.000000000000000E+000
   0.000000000000000E+000
   0.000000000000000E+000
   0.000000000000000E+000
   0.000000000000000E+000
   0.000000000000000E+000
   0.000000000000000E+000
   0.000000000000000E+000
   0.000000000000000E+000
   0.000000000000000E+000
   3.427276546212127E-001
   0.000000000000000E+000
   5.389404864039053E-001
   7.078977274460377E-002
   0.000000000000000E+000
   0.000000000000000E+000
   0.000000000000000E+000
   0.000000000000000E+000
   0.000000000000000E+000
   0.000000000000000E+000
   0.000000000000000E+000
   0.000000000000000E+000
   0.000000000000000E+000
   0.000000000000000E+000
   0.000000000000000E+000
   0.000000000000000E+000
   0.000000000000000E+000
   0.000000000000000E+000
   0.000000000000000E+000
   0.000000000000000E+000
   0.000000000000000E+000
   0.000000000000000E+000
   8.520671539706361E-001
   3.467876541004165E-001
   6.235965908870374E-002
   0.000000000000000E+000
   0.000000000000000E+000
   0.000000000000000E+000
   0.000000000000000E+000
   0.000000000000000E+000
   5.571695315537142E-001
   0.000000000000000E+000
   0.000000000000000E+000
   0.000000000000000E+000
   0.000000000000000E+000
   0.000000000000000E+000
   0.000000000000000E+000
   0.000000000000000E+000
   0.000000000000000E+000
   0.000000000000000E+000
   0.000000000000000E+000
   0.000000000000000E+000
   0.000000000000000E+000
   0.000000000000000E+000
   0.000000000000000E+000
   0.000000000000000E+000
   0.000000000000000E+000
  -5.571695315537142E-001
   2.724933096900352E-001
   0.000000000000000E+000
   0.000000000000000E+000
   0.000000000000000E+000
   5.571695315537142E-001
   0.000000000000000E+000
   0.000000000000000E+000
   0.000000000000000E+000
   0.000000000000000E+000
   0.000000000000000E+000
   0.000000000000000E+000
   0.000000000000000E+000
   0.000000000000000E+000
   0.000000000000000E+000
   0.000000000000000E+000
   0.000000000000000E+000
   0.000000000000000E+000
   0.000000000000000E+000
   0.000000000000000E+000
   0.000000000000000E+000
  -5.571695315537142E-001
   2.024066520886791E-001
   0.000000000000000E+000
   0.000000000000000E+000
   0.000000000000000E+000
   0.000000000000000E+000
   5.571695315537142E-001
   0.000000000000000E+000
   0.000000000000000E+000
   0.000000000000000E+000
   0.000000000000000E+000
   0.000000000000000E+000
   0.000000000000000E+000
   0.000000000000000E+000
   0.000000000000000E+000
   0.000000000000000E+000
   0.000000000000000E+000
   0.000000000000000E+000
   0.000000000000000E+000
   0.000000000000000E+000
   0.000000000000000E+000
  -5.571695315537142E-001
   9.028161263505545E-002
   0.000000000000000E+000
   0.000000000000000E+000
   0.000000000000000E+000
   0.000000000000000E+000
   0.000000000000000E+000
   7.244804835023871E-001
   0.000000000000000E+000
   0.000000000000000E+000
   0.000000000000000E+000
   0.000000000000000E+000
   0.000000000000000E+000
   0.000000000000000E+000
   0.000000000000000E+000
   0.000000000000000E+000
        1.341575159812643
   0.000000000000000E+000
   0.000000000000000E+000
   0.000000000000000E+000
   0.000000000000000E+000
  -4.624938786854880E-001
   1.538664520185567E-001
   0.000000000000000E+000
   0.000000000000000E+000
   0.000000000000000E+000
   0.000000000000000E+000
   0.000000000000000E+000
   0.000000000000000E+000
   0.000000000000000E+000
   0.000000000000000E+000
   0.000000000000000E+000
   0.000000000000000E+000
   0.000000000000000E+000
   0.000000000000000E+000
   0.000000000000000E+000
   0.000000000000000E+000
   7.151909900791518E-001
   0.000000000000000E+000
   0.000000000000000E+000
   0.000000000000000E+000
   7.244804835023871E-001
  -4.624938786854880E-001
   6.385631912030416E-002
   0.000000000000000E+000
   0.000000000000000E+000
   0.000000000000000E+000
   0.000000000000000E+000
   0.000000000000000E+000
   0.000000000000000E+000
   0.000000000000000E+000
   7.244804835023871E-001
   0.000000000000000E+000
   0.000000000000000E+000
   0.000000000000000E+000
   0.000000000000000E+000
   0.000000000000000E+000
   0.000000000000000E+000
   3.163115057507135E-001
   0.000000000000000E+000
   0.000000000000000E+000
   0.000000000000000E+000
   0.000000000000000E+000
  -4.624938786854880E-001
   6.538147414169009E-003
   0.000000000000000E+000
   0.000000000000000E+000
   0.000000000000000E+000
   0.000000000000000E+000
   0.000000000000000E+000
   0.000000000000000E+000
   0.000000000000000E+000
   0.000000000000000E+000
   9.112661905613256E-001
   0.000000000000000E+000
   0.000000000000000E+000
   0.000000000000000E+000
   0.000000000000000E+000
   0.000000000000000E+000
   0.000000000000000E+000
        1.324637078556512
   0.000000000000000E+000
   0.000000000000000E+000
   0.000000000000000E+000
  -2.763158613304509E-001
   6.716278895852518E-002
   0.000000000000000E+000
   0.000000000000000E+000
   0.000000000000000E+000
   0.000000000000000E+000
   0.000000000000000E+000
   0.000000000000000E+000
   0.000000000000000E+000
   0.000000000000000E+000
   0.000000000000000E+000
   9.112661905613256E-001
   0.000000000000000E+000
   0.000000000000000E+000
   0.000000000000000E+000
   0.000000000000000E+000
   0.000000000000000E+000
   6.037525065810182E-001
   0.000000000000000E+000
   0.000000000000000E+000
   0.000000000000000E+000
  -2.763158613304509E-001
   1.795910503731381E-002
   0.000000000000000E+000
   0.000000000000000E+000
   0.000000000000000E+000
   0.000000000000000E+000
   0.000000000000000E+000
   0.000000000000000E+000
   0.000000000000000E+000
   0.000000000000000E+000
   0.000000000000000E+000
   0.000000000000000E+000
   9.112661905613256E-001
   0.000000000000000E+000
   0.000000000000000E+000
   0.000000000000000E+000
   0.000000000000000E+000
  -2.325411013507250E-002
   0.000000000000000E+000
   0.000000000000000E+000
   0.000000000000000E+000
  -2.763158613304509E-001
  -2.483697714386429E-002
   0.000000000000000E+000
   0.000000000000000E+000
   0.000000000000000E+000
   0.000000000000000E+000
   0.000000000000000E+000
   0.000000000000000E+000
   0.000000000000000E+000
   0.000000000000000E+000
   0.000000000000000E+000
   0.000000000000000E+000
   0.000000000000000E+000
   7.944987615313035E-001
   0.000000000000000E+000
   0.000000000000000E+000
   0.000000000000000E+000
   0.000000000000000E+000
        2.184255492324032
   0.000000000000000E+000
   0.000000000000000E+000
  -4.074548265044269E-001
   2.178671067617962E-001
   0.000000000000000E+000
   0.000000000000000E+000
   0.000000000000000E+000
   0.000000000000000E+000
   0.000000000000000E+000
   0.000000000000000E+000
   0.000000000000000E+000
   0.000000000000000E+000
   0.000000000000000E+000
   0.000000000000000E+000
   0.000000000000000E+000
   0.000000000000000E+000
   7.944987615313035E-001
   0.000000000000000E+000
   0.000000000000000E+000
   0.000000000000000E+000
        1.795429968351092
   0.000000000000000E+000
   0.000000000000000E+000
  -4.074548265044269E-001
   1.729809585621126E-001
   0.000000000000000E+000
   0.000000000000000E+000
   0.000000000000000E+000
   0.000000000000000E+000
   0.000000000000000E+000
   0.000000000000000E+000
   0.000000000000000E+000
   0.000000000000000E+000
   0.000000000000000E+000
   0.000000000000000E+000
   0.000000000000000E+000
   0.000000000000000E+000
   0.000000000000000E+000
   7.944987615313035E-001
   0.000000000000000E+000
   0.000000000000000E+000
        1.043514061611670
   0.000000000000000E+000
   0.000000000000000E+000
  -4.074548265044269E-001
   8.617953544886547E-002
   0.000000000000000E+000
   0.000000000000000E+000
   0.000000000000000E+000
   0.000000000000000E+000
   0.000000000000000E+000
   0.000000000000000E+000
   0.000000000000000E+000
   0.000000000000000E+000
   0.000000000000000E+000
   0.000000000000000E+000
   0.000000000000000E+000
   0.000000000000000E+000
   0.000000000000000E+000
   0.000000000000000E+000
   4.706153675382878E-001
   0.000000000000000E+000
   0.000000000000000E+000
   0.000000000000000E+000
   0.000000000000000E+000
   0.000000000000000E+000
   1.076244535530827E-001
   0.000000000000000E+000
   0.000000000000000E+000
   0.000000000000000E+000
   0.000000000000000E+000
   0.000000000000000E+000
   0.000000000000000E+000
   0.000000000000000E+000
   0.000000000000000E+000
   0.000000000000000E+000
   0.000000000000000E+000
   0.000000000000000E+000
   0.000000000000000E+000
   0.000000000000000E+000
   0.000000000000000E+000
   0.000000000000000E+000
   9.365302403485829E-001
   0.000000000000000E+000
   0.000000000000000E+000
   0.000000000000000E+000
   0.000000000000000E+000
   8.781918964347668E-002
   0.000000000000000E+000
   0.000000000000000E+000
   0.000000000000000E+000
   0.000000000000000E+000
   0.000000000000000E+000
   0.000000000000000E+000
   0.000000000000000E+000
   0.000000000000000E+000
   0.000000000000000E+000
   0.000000000000000E+000
   0.000000000000000E+000
   0.000000000000000E+000
   0.000000000000000E+000
   0.000000000000000E+000
   2.333912449843864E-001
   7.773926584916127E-001
   0.000000000000000E+000
   0.000000000000000E+000
   0.000000000000000E+000
   0.000000000000000E+000
   8.659846828213971E-002
   0.000000000000000E+000
   0.000000000000000E+000
   0.000000000000000E+000
   0.000000000000000E+000
   0.000000000000000E+000
   0.000000000000000E+000
   0.000000000000000E+000
   0.000000000000000E+000
   0.000000000000000E+000
   0.000000000000000E+000
   0.000000000000000E+000
   0.000000000000000E+000
   0.000000000000000E+000
   0.000000000000000E+000
   0.000000000000000E+000
   0.000000000000000E+000
   6.206770770553396E-001
   0.000000000000000E+000
   0.000000000000000E+000
   0.000000000000000E+000
   1.068891929800554E-001
   0.000000000000000E+000
   0.000000000000000E+000
   0.000000000000000E+000
   0.000000000000000E+000
   0.000000000000000E+000
   0.000000000000000E+000
   0.000000000000000E+000
   0.000000000000000E+000
   0.000000000000000E+000
   0.000000000000000E+000
   0.000000000000000E+000
   0.000000000000000E+000
   0.000000000000000E+000
   0.000000000000000E+000
   3.441582715334535E-001
   0.000000000000000E+000
   5.152100617885662E-001
   0.000000000000000E+000
   0.000000000000000E+000
   0.000000000000000E+000
   1.089308659825753E-001
   0.000000000000000E+000
   0.000000000000000E+000
   0.000000000000000E+000
   0.000000000000000E+000
   0.000000000000000E+000
   0.000000000000000E+000
   0.000000000000000E+000
   0.000000000000000E+000
   0.000000000000000E+000
   0.000000000000000E+000
   0.000000000000000E+000
   0.000000000000000E+000
   0.000000000000000E+000
   0.000000000000000E+000
   0.000000000000000E+000
   6.848790987067702E-001
   3.078110188049273E-001
   0.000000000000000E+000
   0.000000000000000E+000
   0.000000000000000E+000
   8.227995165111462E-002
   0.000000000000000E+000
   0.000000000000000E+000
   4.762327405210115E-001
   0.000000000000000E+000
   0.000000000000000E+000
   0.000000000000000E+000
   0.000000000000000E+000
   0.000000000000000E+000
   0.000000000000000E+000
   0.000000000000000E+000
   0.000000000000000E+000
   0.000000000000000E+000
   0.000000000000000E+000
   0.000000000000000E+000
   0.000000000000000E+000
   0.000000000000000E+000
   0.000000000000000E+000
   0.000000000000000E+000
   0.000000000000000E+000
   0.000000000000000E+000
   0.000000000000000E+000
  -4.762327405210115E-001
   2.125553102115486E-001
   0.000000000000000E+000
   4.762327405210115E-001
   0.000000000000000E+000
   0.000000000000000E+000
   0.000000000000000E+000
   0.000000000000000E+000
   0.000000000000000E+000
   0.000000000000000E+000
   0.000000000000000E+000
   0.000000000000000E+000
   0.000000000000000E+000
   0.000000000000000E+000
   0.000000000000000E+000
   0.000000000000000E+000
   0.000000000000000E+000
   0.000000000000000E+000
   0.000000000000000E+000
   0.000000000000000E+000
   0.000000000000000E+000
  -4.762327405210115E-001
   1.687898983816658E-001
   0.000000000000000E+000
   0.000000000000000E+000
   4.762327405210115E-001
   0.000000000000000E+000
   0.000000000000000E+000
   0.000000000000000E+000
   0.000000000000000E+000
   0.000000000000000E+000
   0.000000000000000E+000
   0.000000000000000E+000
   0.000000000000000E+000
   0.000000000000000E+000
   0.000000000000000E+000
   0.000000000000000E+000
   0.000000000000000E+000
   0.000000000000000E+000
   0.000000000000000E+000
   0.000000000000000E+000
   0.000000000000000E+000
  -4.762327405210115E-001
   9.877373987056667E-002
   0.000000000000000E+000
   0.000000000000000E+000
   0.000000000000000E+000
   6.469335070318811E-001
   0.000000000000000E+000
   0.000000000000000E+000
   0.000000000000000E+000
   0.000000000000000E+000
   0.000000000000000E+000
   0.000000000000000E+000
   0.000000000000000E+000
   0.000000000000000E+000
        1.199427386368598
   0.000000000000000E+000
   0.000000000000000E+000
   0.000000000000000E+000
   0.000000000000000E+000
   0.000000000000000E+000
   0.000000000000000E+000
  -4.129894368890811E-001
   1.372080367968584E-001
   0.000000000000000E+000
   0.000000000000000E+000
   0.000000000000000E+000
   0.000000000000000E+000
   0.000000000000000E+000
   0.000000000000000E+000
   0.000000000000000E+000
   0.000000000000000E+000
   0.000000000000000E+000
   0.000000000000000E+000
   0.000000000000000E+000
   0.000000000000000E+000
   5.148924057708764E-001
   0.000000000000000E+000
   0.000000000000000E+000
   0.000000000000000E+000
   6.469335070318811E-001
   0.000000000000000E+000
   0.000000000000000E+000
  -4.129894368890811E-001
   7.311803745399080E-002
   0.000000000000000E+000
   0.000000000000000E+000
   0.000000000000000E+000
   0.000000000000000E+000
   0.000000000000000E+000
   6.469335070318811E-001
   0.000000000000000E+000
   0.000000000000000E+000
   0.000000000000000E+000
   0.000000000000000E+000
   0.000000000000000E+000
   0.000000000000000E+000
   7.898266657396974E-002
   0.000000000000000E+000
   0.000000000000000E+000
   0.000000000000000E+000
   0.000000000000000E+000
   0.000000000000000E+000
   0.000000000000000E+000
  -4.129894368890811E-001
   3.230572589865594E-002
   0.000000000000000E+000
   0.000000000000000E+000
   0.000000000000000E+000
   0.000000000000000E+000
   0.000000000000000E+000
   0.000000000000000E+000
   8.725540323827407E-001
   0.000000000000000E+000
   0.000000000000000E+000
   0.000000000000000E+000
   0.000000000000000E+000
   0.000000000000000E+000
   0.000000000000000E+000
        1.130467404957185
   0.000000000000000E+000
   0.000000000000000E+000
   0.000000000000000E+000
   0.000000000000000E+000
   0.000000000000000E+000
  -2.645774873603958E-001
   6.623183032808080E-002
   0.000000000000000E+000
   0.000000000000000E+000
   0.000000000000000E+000
   0.000000000000000E+000
   0.000000000000000E+000
   0.000000000000000E+000
   0.000000000000000E+000
   8.725540323827407E-001
   0.000000000000000E+000
   0.000000000000000E+000
   0.000000000000000E+000
   0.000000000000000E+000
   0.000000000000000E+000
   1.591460066211848E-001
   0.000000000000000E+000
   0.000000000000000E+000
   0.000000000000000E+000
   0.000000000000000E+000
   0.000000000000000E+000
  -2.645774873603958E-001
   2.303629735242030E-002
   0.000000000000000E+000
   0.000000000000000E+000
   0.000000000000000E+000
   0.000000000000000E+000
   0.000000000000000E+000
   0.000000000000000E+000
   0.000000000000000E+000
   0.000000000000000E+000
   8.725540323827407E-001
   0.000000000000000E+000
   0.000000000000000E+000
   0.000000000000000E+000
   0.000000000000000E+000
  -6.856840360660111E-001
   0.000000000000000E+000
   0.000000000000000E+000
   0.000000000000000E+000
   0.000000000000000E+000
   0.000000000000000E+000
  -2.645774873603958E-001
  -1.453405168986427E-002
   0.000000000000000E+000
   0.000000000000000E+000
   0.000000000000000E+000
   0.000000000000000E+000
   0.000000000000000E+000
   0.000000000000000E+000
   0.000000000000000E+000
   0.000000000000000E+000
   0.000000000000000E+000
   7.261149967199693E-001
   0.000000000000000E+000
   0.000000000000000E+000
   0.000000000000000E+000
   0.000000000000000E+000
        2.182056906394568
   0.000000000000000E+000
   0.000000000000000E+000
   0.000000000000000E+000
   0.000000000000000E+000
  -3.723845452453114E-001
   1.865840139750730E-001
   0.000000000000000E+000
   0.000000000000000E+000
   0.000000000000000E+000
   0.000000000000000E+000
   0.000000000000000E+000
   0.000000000000000E+000
   0.000000000000000E+000
   0.000000000000000E+000
   0.000000000000000E+000
   0.000000000000000E+000
   7.261149967199693E-001
   0.000000000000000E+000
   0.000000000000000E+000
   0.000000000000000E+000
        1.726495085642469
   0.000000000000000E+000
   0.000000000000000E+000
   0.000000000000000E+000
   0.000000000000000E+000
  -3.723845452453114E-001
   1.523191600413764E-001
   0.000000000000000E+000
   0.000000000000000E+000
   0.000000000000000E+000
   0.000000000000000E+000
   0.000000000000000E+000
   0.000000000000000E+000
   0.000000000000000E+000
   0.000000000000000E+000
   0.000000000000000E+000
   0.000000000000000E+000
   0.000000000000000E+000
   7.261149967199693E-001
   0.000000000000000E+000
   0.000000000000000E+000
   8.455236513944546E-001
   0.000000000000000E+000
   0.000000000000000E+000
   0.000000000000000E+000
   0.000000000000000E+000
  -3.723845452453114E-001
   8.605733532473968E-002
   0.000000000000000E+000
   0.000000000000000E+000
   0.000000000000000E+000
   0.000000000000000E+000
   0.000000000000000E+000
   0.000000000000000E+000
   0.000000000000000E+000
   0.000000000000000E+000
   0.000000000000000E+000
   0.000000000000000E+000
   0.000000000000000E+000
   0.000000000000000E+000
   4.395951246558047E-001
   0.000000000000000E+000
   0.000000000000000E+000
   0.000000000000000E+000
   0.000000000000000E+000
   0.000000000000000E+000
   0.000000000000000E+000
   0.000000000000000E+000
   6.346053320444950E-002
   0.000000000000000E+000
   0.000000000000000E+000
   0.000000000000000E+000
   0.000000000000000E+000
   0.000000000000000E+000
   0.000000000000000E+000
   0.000000000000000E+000
   0.000000000000000E+000
   0.000000000000000E+000
   0.000000000000000E+000
   0.000000000000000E+000
   0.000000000000000E+000
   0.000000000000000E+000
        1.078576418047888
   0.000000000000000E+000
   0.000000000000000E+000
   0.000000000000000E+000
   0.000000000000000E+000
   0.000000000000000E+000
   0.000000000000000E+000
   6.225356244781119E-002
   0.000000000000000E+000
   0.000000000000000E+000
   0.000000000000000E+000
   0.000000000000000E+000
   0.000000000000000E+000
   0.000000000000000E+000
   0.000000000000000E+000
   0.000000000000000E+000
   0.000000000000000E+000
   0.000000000000000E+000
   0.000000000000000E+000
   0.000000000000000E+000
   2.442229683958096E-001
   9.353423854145667E-001
   0.000000000000000E+000
   0.000000000000000E+000
   0.000000000000000E+000
   0.000000000000000E+000
   0.000000000000000E+000
   0.000000000000000E+000
   6.446103635983719E-002
   0.000000000000000E+000
   0.000000000000000E+000
   0.000000000000000E+000
   0.000000000000000E+000
   0.000000000000000E+000
   0.000000000000000E+000
   0.000000000000000E+000
   0.000000000000000E+000
   0.000000000000000E+000
   0.000000000000000E+000
   0.000000000000000E+000
   0.000000000000000E+000
   0.000000000000000E+000
   0.000000000000000E+000
   6.215701507730963E-001
   0.000000000000000E+000
   0.000000000000000E+000
   0.000000000000000E+000
   0.000000000000000E+000
   0.000000000000000E+000
   6.686142668207130E-002
   0.000000000000000E+000
   0.000000000000000E+000
   0.000000000000000E+000
   0.000000000000000E+000
   0.000000000000000E+000
   0.000000000000000E+000
   0.000000000000000E+000
   0.000000000000000E+000
   0.000000000000000E+000
   0.000000000000000E+000
   0.000000000000000E+000
   0.000000000000000E+000
   3.437361958942958E-001
   0.000000000000000E+000
   5.390261624473853E-001
   0.000000000000000E+000
   0.000000000000000E+000
   0.000000000000000E+000
   0.000000000000000E+000
   0.000000000000000E+000
   7.272509066242697E-002
   0.000000000000000E+000
   0.000000000000000E+000
   0.000000000000000E+000
   0.000000000000000E+000
   0.000000000000000E+000
   0.000000000000000E+000
   0.000000000000000E+000
   0.000000000000000E+000
   0.000000000000000E+000
   0.000000000000000E+000
   0.000000000000000E+000
   0.000000000000000E+000
   0.000000000000000E+000
   8.433800425138114E-001
   3.453216352362747E-001
   0.000000000000000E+000
   0.000000000000000E+000
   0.000000000000000E+000
   0.000000000000000E+000
   0.000000000000000E+000
   6.347905988870117E-002
   2.220862283572497E-002
   0.000000000000000E+000
   3.690805774029587E-002
   0.000000000000000E+000
   0.000000000000000E+000
   5.687780464277910E-002
   0.000000000000000E+000
   0.000000000000000E+000
   0.000000000000000E+000
   4.384970612576123E-002
   0.000000000000000E+000
   0.000000000000000E+000
   0.000000000000000E+000
   0.000000000000000E+000
   4.434039816424493E-002
   0.000000000000000E+000
   0.000000000000000E+000
   0.000000000000000E+000
   0.000000000000000E+000
   0.000000000000000E+000
   1.077363907639940E-001
   0.000000000000000E+000
   0.000000000000000E+000
   0.000000000000000E+000
   0.000000000000000E+000
   0.000000000000000E+000
   0.000000000000000E+000
   6.680035985652677E-002
   0.000000000000000E+000
   0.000000000000000E+000
   0.000000000000000E+000
   0.000000000000000E+000
   0.000000000000000E+000
   0.000000000000000E+000
   0.000000000000000E+000
   2.097670420607146E-001
   0.000000000000000E+000
   0.000000000000000E+000
   0.000000000000000E+000
   0.000000000000000E+000
   0.000000000000000E+000
   0.000000000000000E+000
   0.000000000000000E+000
   0.000000000000000E+000
   1.855564113360328E-001
   0.000000000000000E+000
   0.000000000000000E+000
   0.000000000000000E+000
   0.000000000000000E+000
   0.000000000000000E+000
   0.000000000000000E+000
   0.000000000000000E+000
   0.000000000000000E+000
   0.000000000000000E+000
   1.072341773290442E-002
   0.000000000000000E+000
   0.000000000000000E+000
   0.000000000000000E+000
   0.000000000000000E+000
   0.000000000000000E+000
   0.000000000000000E+000
   0.000000000000000E+000
   0.000000000000000E+000
   0.000000000000000E+000
   0.000000000000000E+000
   3.055924159609533E-002
   0.000000000000000E+000
   0.000000000000000E+000
   0.000000000000000E+000
   0.000000000000000E+000
   0.000000000000000E+000
   0.000000000000000E+000
   0.000000000000000E+000
   0.000000000000000E+000
   0.000000000000000E+000
   0.000000000000000E+000
   0.000000000000000E+000
   1.066316534490371E-001
   0.000000000000000E+000
   0.000000000000000E+000
   0.000000000000000E+000
   8.562299221436480E-002
   6.524126868539520E-002
   2.757238079052327E-002
   0.000000000000000E+000
   0.000000000000000E+000
   0.000000000000000E+000
   0.000000000000000E+000
   0.000000000000000E+000
   0.000000000000000E+000
   4.663376138005739E-001
   0.000000000000000E+000
   0.000000000000000E+000
   0.000000000000000E+000
   0.000000000000000E+000
   0.000000000000000E+000
   0.000000000000000E+000
   9.742302229169295E-002
   8.428124534524845E-002
  -1.014476117400856E-001
   0.000000000000000E+000
   0.000000000000000E+000
   0.000000000000000E+000
   9.728913236113923E-002
        1.114614195365082
   0.000000000000000E+000
   0.000000000000000E+000
   0.000000000000000E+000
   0.000000000000000E+000
   0.000000000000000E+000
   0.000000000000000E+000
   0.000000000000000E+000
   0.000000000000000E+000
   0.000000000000000E+000
   3.275335528372887E-002
   7.565067158113851E-002
   1.410320397449648E-001
   3.810921105986620E-002
   4.884379930072662E-002
   7.042349800359642E-001
   4.302031273539296E-003
   5.414962541088197E-003
   4.782783243484866E-003
   4.183635509307029E-003
   5.953961858756460E-003
   1.591385475324605E-003
   1.950850178982039E-003
   2.378863621204509E-003
  -2.130627873657772E-003
   8.884273089346635E-004
   2.792468344561521E-003
   6.606199847691504E-003
   3.559064708591531E-002
   3.725179066834604E-002
   3.691042836103267E-002
   1.265781286356314E-002
   0.000000000000000E+000
   0.000000000000000E+000
   0.000000000000000E+000
   0.000000000000000E+000
   0.000000000000000E+000
   0.000000000000000E+000
   0.000000000000000E+000
   0.000000000000000E+000
   0.000000000000000E+000
   0.000000000000000E+000
   0.000000000000000E+000
   0.000000000000000E+000
   3.304664387359771E-002
   0.000000000000000E+000
   0.000000000000000E+000
   0.000000000000000E+000
   3.903158635287354E-002
  -3.773638354653246E-003
  -4.838629595252046E-003
  -7.733312278761204E-003
  -3.755371070619386E-003
   0.000000000000000E+000
  -8.404537848081440E-003
  -2.725537335468790E-003
  -6.917738938498083E-003
  -5.336779611285353E-003
  -8.774411124328997E-004
  -2.865547829247273E-003
  -5.878646708328045E-003
  -1.715190006197052E-002
  -8.409011610510619E-003
  -1.660908381449251E-002
   0.000000000000000E+000
  -6.613131805911180E-003
   3.780660467474020E-002
   1.845562520199633E-003
   1.757760899705174E-003
   1.253076243401384E-003
   1.249369233365087E-003
   0.000000000000000E+000
   1.188126155418529E-004
   6.624834635958633E-004
   4.496173314807518E-004
  -4.797027307412406E-004
   4.691699400388150E-004
   1.216540283891787E-003
   1.243374748405904E-003
   6.864639632944662E-003
   7.999568446072304E-003
   9.158702358047823E-003
   0.000000000000000E+000
   9.130720955337658E-004
  -8.006630567968282E-003
   4.423828623607389E-003
  -7.455847697332783E-003
  -1.412381217598855E-002
  -1.879880770110153E-002
  -9.946410870922760E-003
   0.000000000000000E+000
  -2.293639354443305E-002
  -9.210086706266121E-003
  -2.375209577279823E-002
  -2.000537552885284E-002
  -2.718851677268114E-003
  -5.378171493904146E-003
  -1.579736952398278E-002
  -3.580907492571252E-002
  -5.436767880753774E-004
  -3.935344322213309E-002
   0.000000000000000E+000
  -1.830385377846111E-002
   0.000000000000000E+000
   0.000000000000000E+000
   1.013700548115430E-001
   3.327742688297402E-003
   5.005865030066450E-003
   3.898993882096362E-003
   3.304509478630504E-003
   0.000000000000000E+000
   1.794178680529216E-003
   2.305566154256405E-003
   2.068053281570504E-003
  -1.098956547332516E-003
   1.362286018108942E-003
   2.199872618156857E-003
   3.650740998068652E-003
   1.701767036196261E-002
   2.354491192484633E-002
   2.115896304724474E-002
   0.000000000000000E+000
   3.240620089964519E-003
   0.000000000000000E+000
   0.000000000000000E+000
  -2.224829950959115E-002
   9.354423000237507E-003
      356.931328102604994
      281.737338895361745
      243.386923986713327
      165.005221484439716
      142.014351190040429
       98.303567757519602
      -31.156930887983933
      -21.053578037271940
       -5.182299744743968
       40.677158248745016
      -24.714724942900510
      -16.000888374829195
       -2.627407603085865
       24.830172691218909
       31.211091288403814
        7.695138066993476
        9.278249261861692
       13.420781625956939
       14.981204446136182
       13.031706784855759
       15.872257997053236
       11.384916350132265
       10.682429468411961
        8.932613211174806
        3.727233194581681
        3.523836505614002
        4.150772434989221
       19.735289204402083
        7.951155245768520
        7.540308016175871
        7.230721476426388
        3.505763834742041
        2.925429194169965
        4.157785943353241
        4.956240424021320
        6.355010108925347
        7.328830076906923
        6.953080980283336
        7.979947925152787
        4.317037082379670
        3.951105597035808
        5.037955915067680
        1.820016520472356
        3.261322162329700
        6.820630079371809
      -41.846679701571318
      -33.290362973766342
      -13.603967960106363
       11.335125528553188
        8.556806013086945
        5.238736951257609
        2.610771968085980
        3.545998147407951
        3.571948691387776
      122.250981854888067
      -25.563302835155714
      -18.238017801379556
       -2.991112208494634
       10.599895263761772
        9.666111354879048
        6.711974734345601
        6.358452736543589
        3.582688592401638
        2.837498736617439
       54.771551439550478
       56.633683046060561
       -4.012432830754975
  -8.215518485048037E-001
        8.045478201370409
        7.477309539124320
        6.741171792154592
        7.484000257254391
        3.135142413013394
        2.540105722786325
        3.550529056812153
       25.461725934046090
       25.293606806070748
       23.535513192536740
      100.400579732483436
       81.781095054036768
       44.952004344046074
      -20.472273074378435
      -15.913032647940023
       -3.461074012023814
        1.670080040560308
   9.872783426584063E-001
   1.797132646475657E-001
      -14.702291269696294
      -10.379594792415300
       -4.418413838240324
       36.401844396094738
       36.984037982132257
       30.045279803639271
       17.033175905393509
       -4.886263695047283
       -4.059459618012152
  -9.089858467358605E-001
       -1.917399751250171
  -5.847628761354989E-001
   7.832922487542827E-001
       -6.470159123807465
       -4.493980569516740
       -1.468260023260035
       11.756534435837994
        6.446666279147584
       76.160882254811384
       62.466953090798967
       34.498133636538043
      -10.418096524181275
       -8.741194866029618
       -1.176163944290482
        1.121046344161731
   6.811390014770969E-001
   5.614434894728901E-001
      -24.208064972414832
      -18.594695983655718
      -10.158325727590826
       24.230295168457541
        9.322305688942498
       23.823132959069163
     -861.474671415543980
     -714.873847815415388
     -422.108377147852025
       99.913971800390328
       73.101410810506906
       -6.320758117643804
      -17.172076605043497
      -10.825241133027991
      -13.768071419580805
      148.380182671151744
       83.752372234858001
       14.873502979244901
     -267.632932329298114
     -105.500586931637997
     -205.727412291785868
     2522.615237452991551
       -8.023517356658118
       -1.697964895937645
        6.211314511851469
       26.044484569833894
       15.806958093931566
       16.448268098448821
        4.597006095441547
        3.754785073650869
        4.327692163407311
        6.408227237787015
        7.545505370749067
        8.038116304671048
      -11.179486536347870
       -2.629178104836899
       -4.897294307932123
       36.184618952071133
       34.145804403079588
       85.681828465711902
       74.299369230589051
       57.365994599753257
        8.194273881051654
        8.463668466869684
       17.188887805005205
       10.732018783912238
        8.539746603756690
        7.951482539068130
       -1.361198111698238
        6.006251772535661
       11.585797820222595
       18.898030161199166
        6.528099189639403
       15.569081747470126
     -203.235934016215253
       15.244422920057161
      144.864144094252396
     -551.845666280910223
     -440.275669115641335
     -235.315529730352836
       75.872496043239352
       65.429521488686632
       17.734846373833445
  -7.917725471065395E-001
        1.358214187438119
  -1.716090942800860E-001
      122.903938838298529
       81.853117270120492
       33.144840660400384
     -174.709048320373142
      -67.768903817952150
     -141.428335613019499
     1438.995174003531247
       41.581219933003013
       12.390382009004007
     1708.150938489000055
      -23.692914333082342
      -11.575590587348700
        7.935705849605966
       23.413684514696065
       21.225582188716018
       20.794593126223457
       10.757000490401730
        9.880360899298232
        9.635637112769631
       17.127235175315683
       17.023826231231318
       15.935432655529134
      -15.861980814195277
       -7.472393423496733
      -11.269743601827116
       86.592072310894309
       25.452679316689355
       20.600825077916376
       91.114208868876858
       96.934977653988625
     -840.559185311331021
     -679.975078927302548
     -371.399770883192559
      122.188965565610658
      104.869950252172032
       28.824270666533138
       -4.025894738450262
        4.945043086776611
        3.384679625192910
      122.245143267831452
       90.845494589349187
       40.733148033453404
     -272.382715901903339
     -108.443703131513871
     -207.172827024831349
     2228.896228664934824
       72.052995481425398
     -153.035427056804679
     1479.739692425096109
      249.920594625248441
     2799.866559771719039
