   8.349619515456073E-004
           3
          12
          28
   4.309258154999405E-001
   0.000000000000000E+000
   0.000000000000000E+000
   0.000000000000000E+000
   0.000000000000000E+000
   0.000000000000000E+000
   0.000000000000000E+000
   0.000000000000000E+000
   0.000000000000000E+000
   0.000000000000000E+000
   0.000000000000000E+000
   2.105355741119329E-001
   0.000000000000000E+000
   0.000000000000000E+000
   0.000000000000000E+000
   0.000000000000000E+000
   0.000000000000000E+000
   0.000000000000000E+000
   0.000000000000000E+000
   0.000000000000000E+000
   0.000000000000000E+000
   0.000000000000000E+000
   0.000000000000000E+000
   0.000000000000000E+000
   0.000000000000000E+000
   0.000000000000000E+000
   0.000000000000000E+000
   0.000000000000000E+000
   0.000000000000000E+000
   4.309258154999405E-001
   0.000000000000000E+000
   0.000000000000000E+000
   0.000000000000000E+000
   0.000000000000000E+000
   0.000000000000000E+000
   0.000000000000000E+000
   0.000000000000000E+000
   0.000000000000000E+000
   0.000000000000000E+000
   1.011884271453978E-001
   0.000000000000000E+000
   0.000000000000000E+000
   0.000000000000000E+000
   0.000000000000000E+000
   0.000000000000000E+000
   0.000000000000000E+000
   0.000000000000000E+000
   0.000000000000000E+000
   0.000000000000000E+000
   0.000000000000000E+000
   0.000000000000000E+000
   0.000000000000000E+000
   0.000000000000000E+000
   0.000000000000000E+000
   0.000000000000000E+000
   0.000000000000000E+000
   0.000000000000000E+000
   0.000000000000000E+000
   4.309258154999405E-001
   0.000000000000000E+000
   0.000000000000000E+000
   0.000000000000000E+000
   0.000000000000000E+000
   0.000000000000000E+000
   0.000000000000000E+000
   0.000000000000000E+000
   0.000000000000000E+000
   1.499610954456322E-002
   0.000000000000000E+000
   0.000000000000000E+000
   0.000000000000000E+000
   0.000000000000000E+000
   0.000000000000000E+000
   0.000000000000000E+000
   0.000000000000000E+000
   0.000000000000000E+000
   0.000000000000000E+000
   0.000000000000000E+000
   0.000000000000000E+000
   0.000000000000000E+000
   0.000000000000000E+000
   0.000000000000000E+000
   0.000000000000000E+000
   0.000000000000000E+000
   0.000000000000000E+000
   0.000000000000000E+000
   0.000000000000000E+000
   6.854789583560477E-001
   0.000000000000000E+000
   0.000000000000000E+000
   0.000000000000000E+000
   0.000000000000000E+000
   0.000000000000000E+000
        1.769957852615137
   0.000000000000000E+000
   1.023655566312053E-001
   0.000000000000000E+000
   0.000000000000000E+000
   0.000000000000000E+000
   0.000000000000000E+000
   0.000000000000000E+000
   0.000000000000000E+000
   0.000000000000000E+000
   0.000000000000000E+000
   0.000000000000000E+000
   0.000000000000000E+000
   0.000000000000000E+000
   0.000000000000000E+000
   0.000000000000000E+000
   0.000000000000000E+000
   0.000000000000000E+000
   0.000000000000000E+000
   0.000000000000000E+000
   0.000000000000000E+000
   0.000000000000000E+000
   0.000000000000000E+000
   6.854789583560477E-001
   0.000000000000000E+000
   0.000000000000000E+000
   0.000000000000000E+000
   0.000000000000000E+000
   7.125751222663208E-001
   0.000000000000000E+000
   4.121180000109412E-002
   0.000000000000000E+000
   0.000000000000000E+000
   0.000000000000000E+000
   0.000000000000000E+000
   0.000000000000000E+000
   0.000000000000000E+000
   0.000000000000000E+000
   0.000000000000000E+000
   0.000000000000000E+000
   0.000000000000000E+000
   0.000000000000000E+000
   0.000000000000000E+000
   0.000000000000000E+000
   0.000000000000000E+000
   0.000000000000000E+000
   0.000000000000000E+000
   0.000000000000000E+000
   0.000000000000000E+000
   0.000000000000000E+000
   0.000000000000000E+000
   0.000000000000000E+000
   6.854789583560477E-001
   0.000000000000000E+000
   0.000000000000000E+000
   0.000000000000000E+000
  -4.623981819667747E-001
   0.000000000000000E+000
  -2.674281040780158E-002
   0.000000000000000E+000
   0.000000000000000E+000
   0.000000000000000E+000
   0.000000000000000E+000
   0.000000000000000E+000
   0.000000000000000E+000
   0.000000000000000E+000
   0.000000000000000E+000
   0.000000000000000E+000
   0.000000000000000E+000
   0.000000000000000E+000
   0.000000000000000E+000
   0.000000000000000E+000
   0.000000000000000E+000
   0.000000000000000E+000
   0.000000000000000E+000
   0.000000000000000E+000
   0.000000000000000E+000
   0.000000000000000E+000
   0.000000000000000E+000
   0.000000000000000E+000
   0.000000000000000E+000
   5.898291476987464E-001
   0.000000000000000E+000
   0.000000000000000E+000
   0.000000000000000E+000
        1.431404350936010
   1.067068410245157E-001
   0.000000000000000E+000
   0.000000000000000E+000
   0.000000000000000E+000
   0.000000000000000E+000
   0.000000000000000E+000
   0.000000000000000E+000
   0.000000000000000E+000
   0.000000000000000E+000
   0.000000000000000E+000
   0.000000000000000E+000
   0.000000000000000E+000
   0.000000000000000E+000
   0.000000000000000E+000
   0.000000000000000E+000
   0.000000000000000E+000
   0.000000000000000E+000
   0.000000000000000E+000
   0.000000000000000E+000
   0.000000000000000E+000
   0.000000000000000E+000
   0.000000000000000E+000
   0.000000000000000E+000
   0.000000000000000E+000
   5.898291476987464E-001
   0.000000000000000E+000
   0.000000000000000E+000
   4.959068394355975E-001
   3.696834667578147E-002
   0.000000000000000E+000
   0.000000000000000E+000
   0.000000000000000E+000
   0.000000000000000E+000
   0.000000000000000E+000
   0.000000000000000E+000
   0.000000000000000E+000
   0.000000000000000E+000
   0.000000000000000E+000
   0.000000000000000E+000
   0.000000000000000E+000
   0.000000000000000E+000
   0.000000000000000E+000
   0.000000000000000E+000
   0.000000000000000E+000
   0.000000000000000E+000
   0.000000000000000E+000
   0.000000000000000E+000
   0.000000000000000E+000
   0.000000000000000E+000
   0.000000000000000E+000
   0.000000000000000E+000
   0.000000000000000E+000
   0.000000000000000E+000
   5.898291476987464E-001
   0.000000000000000E+000
  -5.474513629386479E-001
  -4.081083414029686E-002
   0.000000000000000E+000
   0.000000000000000E+000
   0.000000000000000E+000
   0.000000000000000E+000
   0.000000000000000E+000
   0.000000000000000E+000
   0.000000000000000E+000
   0.000000000000000E+000
   0.000000000000000E+000
   0.000000000000000E+000
   0.000000000000000E+000
   0.000000000000000E+000
   0.000000000000000E+000
   0.000000000000000E+000
   0.000000000000000E+000
   0.000000000000000E+000
   0.000000000000000E+000
   0.000000000000000E+000
   0.000000000000000E+000
   0.000000000000000E+000
   0.000000000000000E+000
   0.000000000000000E+000
   0.000000000000000E+000
   0.000000000000000E+000
   0.000000000000000E+000
   6.086475466226116E-001
   0.000000000000000E+000
   4.911263361790280E-002
   0.000000000000000E+000
   0.000000000000000E+000
   0.000000000000000E+000
   0.000000000000000E+000
   0.000000000000000E+000
   0.000000000000000E+000
   0.000000000000000E+000
   0.000000000000000E+000
   0.000000000000000E+000
   0.000000000000000E+000
   0.000000000000000E+000
   0.000000000000000E+000
   0.000000000000000E+000
   0.000000000000000E+000
   0.000000000000000E+000
   0.000000000000000E+000
   0.000000000000000E+000
   0.000000000000000E+000
   0.000000000000000E+000
   0.000000000000000E+000
   0.000000000000000E+000
   0.000000000000000E+000
   0.000000000000000E+000
   0.000000000000000E+000
   0.000000000000000E+000
   0.000000000000000E+000
   3.877592641136509E-001
   4.433551888365445E-002
   0.000000000000000E+000
   0.000000000000000E+000
   0.000000000000000E+000
   0.000000000000000E+000
   0.000000000000000E+000
   0.000000000000000E+000
   0.000000000000000E+000
   0.000000000000000E+000
   0.000000000000000E+000
   0.000000000000000E+000
   0.000000000000000E+000
   0.000000000000000E+000
   0.000000000000000E+000
   0.000000000000000E+000
   0.000000000000000E+000
   0.000000000000000E+000
   0.000000000000000E+000
   0.000000000000000E+000
   0.000000000000000E+000
   0.000000000000000E+000
   0.000000000000000E+000
   0.000000000000000E+000
   0.000000000000000E+000
   0.000000000000000E+000
   0.000000000000000E+000
   5.446662923943507E-001
   3.128640773867463E-001
   5.482385408395779E-002
   0.000000000000000E+000
   0.000000000000000E+000
   0.000000000000000E+000
   0.000000000000000E+000
   0.000000000000000E+000
   0.000000000000000E+000
   0.000000000000000E+000
   0.000000000000000E+000
   0.000000000000000E+000
   0.000000000000000E+000
   0.000000000000000E+000
   0.000000000000000E+000
   0.000000000000000E+000
   0.000000000000000E+000
   0.000000000000000E+000
   0.000000000000000E+000
   4.385170319218663E-001
   0.000000000000000E+000
   0.000000000000000E+000
   0.000000000000000E+000
   0.000000000000000E+000
   0.000000000000000E+000
   0.000000000000000E+000
   0.000000000000000E+000
   0.000000000000000E+000
   0.000000000000000E+000
   0.000000000000000E+000
   0.000000000000000E+000
   0.000000000000000E+000
   0.000000000000000E+000
   0.000000000000000E+000
   0.000000000000000E+000
   0.000000000000000E+000
   0.000000000000000E+000
  -4.385170319218663E-001
   2.402024431612782E-001
   0.000000000000000E+000
   0.000000000000000E+000
   0.000000000000000E+000
   0.000000000000000E+000
   0.000000000000000E+000
   0.000000000000000E+000
   0.000000000000000E+000
   0.000000000000000E+000
   0.000000000000000E+000
   4.385170319218663E-001
   0.000000000000000E+000
   0.000000000000000E+000
   0.000000000000000E+000
   0.000000000000000E+000
   0.000000000000000E+000
   0.000000000000000E+000
   0.000000000000000E+000
   0.000000000000000E+000
   0.000000000000000E+000
   0.000000000000000E+000
   0.000000000000000E+000
   0.000000000000000E+000
   0.000000000000000E+000
   0.000000000000000E+000
   0.000000000000000E+000
   0.000000000000000E+000
  -4.385170319218663E-001
   1.249740999686555E-001
   0.000000000000000E+000
   0.000000000000000E+000
   0.000000000000000E+000
   0.000000000000000E+000
   0.000000000000000E+000
   0.000000000000000E+000
   0.000000000000000E+000
   0.000000000000000E+000
   0.000000000000000E+000
   0.000000000000000E+000
   4.385170319218663E-001
   0.000000000000000E+000
   0.000000000000000E+000
   0.000000000000000E+000
   0.000000000000000E+000
   0.000000000000000E+000
   0.000000000000000E+000
   0.000000000000000E+000
   0.000000000000000E+000
   0.000000000000000E+000
   0.000000000000000E+000
   0.000000000000000E+000
   0.000000000000000E+000
   0.000000000000000E+000
   0.000000000000000E+000
   0.000000000000000E+000
  -4.385170319218663E-001
   3.414596015339302E-002
   0.000000000000000E+000
   0.000000000000000E+000
   0.000000000000000E+000
   0.000000000000000E+000
   0.000000000000000E+000
   0.000000000000000E+000
   0.000000000000000E+000
   0.000000000000000E+000
   0.000000000000000E+000
   0.000000000000000E+000
   0.000000000000000E+000
   7.780893437089499E-001
   0.000000000000000E+000
   0.000000000000000E+000
   0.000000000000000E+000
   0.000000000000000E+000
   0.000000000000000E+000
   0.000000000000000E+000
   0.000000000000000E+000
   0.000000000000000E+000
   0.000000000000000E+000
   0.000000000000000E+000
   0.000000000000000E+000
   0.000000000000000E+000
        1.720636520961259
   0.000000000000000E+000
  -3.064972179600424E-001
   9.655541053850759E-002
   0.000000000000000E+000
   0.000000000000000E+000
   0.000000000000000E+000
   0.000000000000000E+000
   0.000000000000000E+000
   0.000000000000000E+000
   0.000000000000000E+000
   0.000000000000000E+000
   0.000000000000000E+000
   0.000000000000000E+000
   0.000000000000000E+000
   0.000000000000000E+000
   0.000000000000000E+000
   0.000000000000000E+000
   0.000000000000000E+000
   0.000000000000000E+000
   0.000000000000000E+000
   0.000000000000000E+000
   0.000000000000000E+000
   0.000000000000000E+000
   7.780893437089499E-001
   0.000000000000000E+000
   0.000000000000000E+000
   0.000000000000000E+000
   4.832587602978930E-001
   0.000000000000000E+000
  -3.064972179600424E-001
   3.853367482716733E-002
   0.000000000000000E+000
   0.000000000000000E+000
   0.000000000000000E+000
   0.000000000000000E+000
   0.000000000000000E+000
   0.000000000000000E+000
   0.000000000000000E+000
   0.000000000000000E+000
   0.000000000000000E+000
   0.000000000000000E+000
   0.000000000000000E+000
   0.000000000000000E+000
   0.000000000000000E+000
   0.000000000000000E+000
   0.000000000000000E+000
   0.000000000000000E+000
   0.000000000000000E+000
   0.000000000000000E+000
   0.000000000000000E+000
   0.000000000000000E+000
   0.000000000000000E+000
   7.780893437089499E-001
   0.000000000000000E+000
   0.000000000000000E+000
  -6.352424567367209E-001
   0.000000000000000E+000
  -3.064972179600424E-001
  -1.391383479414904E-002
   0.000000000000000E+000
   0.000000000000000E+000
   0.000000000000000E+000
   0.000000000000000E+000
   0.000000000000000E+000
   0.000000000000000E+000
   0.000000000000000E+000
   0.000000000000000E+000
   0.000000000000000E+000
   0.000000000000000E+000
   0.000000000000000E+000
   0.000000000000000E+000
   0.000000000000000E+000
   0.000000000000000E+000
   7.693977704123298E-001
   0.000000000000000E+000
   0.000000000000000E+000
   0.000000000000000E+000
   0.000000000000000E+000
   0.000000000000000E+000
   0.000000000000000E+000
   0.000000000000000E+000
   0.000000000000000E+000
   0.000000000000000E+000
   0.000000000000000E+000
        1.687437708634527
  -3.116772886224358E-001
   9.751320445623199E-002
   0.000000000000000E+000
   0.000000000000000E+000
   0.000000000000000E+000
   0.000000000000000E+000
   0.000000000000000E+000
   0.000000000000000E+000
   0.000000000000000E+000
   0.000000000000000E+000
   0.000000000000000E+000
   0.000000000000000E+000
   0.000000000000000E+000
   0.000000000000000E+000
   0.000000000000000E+000
   0.000000000000000E+000
   0.000000000000000E+000
   0.000000000000000E+000
   0.000000000000000E+000
   0.000000000000000E+000
   0.000000000000000E+000
   0.000000000000000E+000
   0.000000000000000E+000
   0.000000000000000E+000
   7.693977704123298E-001
   0.000000000000000E+000
   0.000000000000000E+000
   3.264675452571230E-001
  -3.116772886224358E-001
   3.188444744672871E-002
   0.000000000000000E+000
   0.000000000000000E+000
   0.000000000000000E+000
   0.000000000000000E+000
   0.000000000000000E+000
   0.000000000000000E+000
   0.000000000000000E+000
   0.000000000000000E+000
   0.000000000000000E+000
   0.000000000000000E+000
   0.000000000000000E+000
   0.000000000000000E+000
   0.000000000000000E+000
   0.000000000000000E+000
   0.000000000000000E+000
   0.000000000000000E+000
   0.000000000000000E+000
   0.000000000000000E+000
   0.000000000000000E+000
   0.000000000000000E+000
   0.000000000000000E+000
   0.000000000000000E+000
   0.000000000000000E+000
   7.693977704123298E-001
   0.000000000000000E+000
  -7.050561794720209E-001
  -3.116772886224358E-001
  -1.785773037720483E-002
   0.000000000000000E+000
   0.000000000000000E+000
   0.000000000000000E+000
   0.000000000000000E+000
   0.000000000000000E+000
   0.000000000000000E+000
   0.000000000000000E+000
   0.000000000000000E+000
   0.000000000000000E+000
   0.000000000000000E+000
   0.000000000000000E+000
   0.000000000000000E+000
   0.000000000000000E+000
   0.000000000000000E+000
   0.000000000000000E+000
   0.000000000000000E+000
   0.000000000000000E+000
   0.000000000000000E+000
   0.000000000000000E+000
   0.000000000000000E+000
   0.000000000000000E+000
   0.000000000000000E+000
   0.000000000000000E+000
   0.000000000000000E+000
   8.676679021497671E-001
   0.000000000000000E+000
   0.000000000000000E+000
   5.360849366606590E-002
   0.000000000000000E+000
   0.000000000000000E+000
   0.000000000000000E+000
   0.000000000000000E+000
   0.000000000000000E+000
   0.000000000000000E+000
   0.000000000000000E+000
   0.000000000000000E+000
   0.000000000000000E+000
   0.000000000000000E+000
   0.000000000000000E+000
   0.000000000000000E+000
   0.000000000000000E+000
   0.000000000000000E+000
   0.000000000000000E+000
   0.000000000000000E+000
   0.000000000000000E+000
   0.000000000000000E+000
   0.000000000000000E+000
   0.000000000000000E+000
   0.000000000000000E+000
   0.000000000000000E+000
   0.000000000000000E+000
   0.000000000000000E+000
   0.000000000000000E+000
   8.389148839617813E-001
   0.000000000000000E+000
   5.359537260101035E-002
   0.000000000000000E+000
   0.000000000000000E+000
   0.000000000000000E+000
   0.000000000000000E+000
   0.000000000000000E+000
   0.000000000000000E+000
   0.000000000000000E+000
   0.000000000000000E+000
   0.000000000000000E+000
   0.000000000000000E+000
   0.000000000000000E+000
   0.000000000000000E+000
   0.000000000000000E+000
   0.000000000000000E+000
   0.000000000000000E+000
   0.000000000000000E+000
   0.000000000000000E+000
   0.000000000000000E+000
   0.000000000000000E+000
   0.000000000000000E+000
   0.000000000000000E+000
   0.000000000000000E+000
   0.000000000000000E+000
   0.000000000000000E+000
   6.166975498797529E-001
   5.863514055831966E-001
   0.000000000000000E+000
   5.719255326762365E-002
   0.000000000000000E+000
   0.000000000000000E+000
   0.000000000000000E+000
   0.000000000000000E+000
   0.000000000000000E+000
   0.000000000000000E+000
   0.000000000000000E+000
   0.000000000000000E+000
   3.946492153398728E-001
   0.000000000000000E+000
   0.000000000000000E+000
   0.000000000000000E+000
   0.000000000000000E+000
   0.000000000000000E+000
   0.000000000000000E+000
   0.000000000000000E+000
   0.000000000000000E+000
   0.000000000000000E+000
   0.000000000000000E+000
   0.000000000000000E+000
   0.000000000000000E+000
   0.000000000000000E+000
   0.000000000000000E+000
   0.000000000000000E+000
   0.000000000000000E+000
   0.000000000000000E+000
   0.000000000000000E+000
   0.000000000000000E+000
   0.000000000000000E+000
   0.000000000000000E+000
   0.000000000000000E+000
   0.000000000000000E+000
   0.000000000000000E+000
   0.000000000000000E+000
  -3.946492153398728E-001
   1.718087584459961E-001
   0.000000000000000E+000
   3.946492153398728E-001
   0.000000000000000E+000
   0.000000000000000E+000
   0.000000000000000E+000
   0.000000000000000E+000
   0.000000000000000E+000
   0.000000000000000E+000
   0.000000000000000E+000
   0.000000000000000E+000
   0.000000000000000E+000
   0.000000000000000E+000
   0.000000000000000E+000
   0.000000000000000E+000
   0.000000000000000E+000
   0.000000000000000E+000
   0.000000000000000E+000
   0.000000000000000E+000
   0.000000000000000E+000
   0.000000000000000E+000
   0.000000000000000E+000
   0.000000000000000E+000
   0.000000000000000E+000
   0.000000000000000E+000
   0.000000000000000E+000
   0.000000000000000E+000
  -3.946492153398728E-001
   8.781758466962128E-002
   0.000000000000000E+000
   0.000000000000000E+000
   3.946492153398728E-001
   0.000000000000000E+000
   0.000000000000000E+000
   0.000000000000000E+000
   0.000000000000000E+000
   0.000000000000000E+000
   0.000000000000000E+000
   0.000000000000000E+000
   0.000000000000000E+000
   0.000000000000000E+000
   0.000000000000000E+000
   0.000000000000000E+000
   0.000000000000000E+000
   0.000000000000000E+000
   0.000000000000000E+000
   0.000000000000000E+000
   0.000000000000000E+000
   0.000000000000000E+000
   0.000000000000000E+000
   0.000000000000000E+000
   0.000000000000000E+000
   0.000000000000000E+000
   0.000000000000000E+000
   0.000000000000000E+000
  -3.946492153398728E-001
   2.161198053057812E-002
   0.000000000000000E+000
   0.000000000000000E+000
   0.000000000000000E+000
   7.041075692783237E-001
   0.000000000000000E+000
   0.000000000000000E+000
   0.000000000000000E+000
   0.000000000000000E+000
   0.000000000000000E+000
   0.000000000000000E+000
   0.000000000000000E+000
   0.000000000000000E+000
   0.000000000000000E+000
   0.000000000000000E+000
   0.000000000000000E+000
   0.000000000000000E+000
   0.000000000000000E+000
   0.000000000000000E+000
   0.000000000000000E+000
   0.000000000000000E+000
   0.000000000000000E+000
   0.000000000000000E+000
   0.000000000000000E+000
   0.000000000000000E+000
        1.910315435366188
   0.000000000000000E+000
  -3.049935295856646E-001
   8.556608625804148E-002
   0.000000000000000E+000
   0.000000000000000E+000
   0.000000000000000E+000
   0.000000000000000E+000
   0.000000000000000E+000
   0.000000000000000E+000
   0.000000000000000E+000
   0.000000000000000E+000
   0.000000000000000E+000
   0.000000000000000E+000
   0.000000000000000E+000
   0.000000000000000E+000
   0.000000000000000E+000
   0.000000000000000E+000
   0.000000000000000E+000
   0.000000000000000E+000
   0.000000000000000E+000
   0.000000000000000E+000
   0.000000000000000E+000
   0.000000000000000E+000
   7.041075692783237E-001
   0.000000000000000E+000
   0.000000000000000E+000
   0.000000000000000E+000
   7.599326300035278E-001
   0.000000000000000E+000
  -3.049935295856646E-001
   3.960244887795231E-002
   0.000000000000000E+000
   0.000000000000000E+000
   0.000000000000000E+000
   0.000000000000000E+000
   0.000000000000000E+000
   0.000000000000000E+000
   0.000000000000000E+000
   0.000000000000000E+000
   0.000000000000000E+000
   0.000000000000000E+000
   0.000000000000000E+000
   0.000000000000000E+000
   0.000000000000000E+000
   0.000000000000000E+000
   0.000000000000000E+000
   0.000000000000000E+000
   0.000000000000000E+000
   0.000000000000000E+000
   0.000000000000000E+000
   0.000000000000000E+000
   0.000000000000000E+000
   7.041075692783237E-001
   0.000000000000000E+000
   0.000000000000000E+000
  -3.964207396041343E-001
   0.000000000000000E+000
  -3.049935295856646E-001
  -6.599742876065709E-003
   0.000000000000000E+000
   0.000000000000000E+000
   0.000000000000000E+000
   0.000000000000000E+000
   0.000000000000000E+000
   0.000000000000000E+000
   6.592715234366727E-001
   0.000000000000000E+000
   0.000000000000000E+000
   0.000000000000000E+000
   0.000000000000000E+000
   0.000000000000000E+000
   0.000000000000000E+000
   0.000000000000000E+000
   0.000000000000000E+000
   0.000000000000000E+000
   0.000000000000000E+000
   0.000000000000000E+000
   0.000000000000000E+000
   0.000000000000000E+000
   0.000000000000000E+000
   0.000000000000000E+000
   0.000000000000000E+000
   0.000000000000000E+000
   0.000000000000000E+000
        1.757199126070091
  -3.229521209523349E-001
   8.918233587981649E-002
   0.000000000000000E+000
   0.000000000000000E+000
   0.000000000000000E+000
   0.000000000000000E+000
   0.000000000000000E+000
   0.000000000000000E+000
   0.000000000000000E+000
   0.000000000000000E+000
   0.000000000000000E+000
   0.000000000000000E+000
   0.000000000000000E+000
   0.000000000000000E+000
   0.000000000000000E+000
   0.000000000000000E+000
   0.000000000000000E+000
   0.000000000000000E+000
   0.000000000000000E+000
   0.000000000000000E+000
   0.000000000000000E+000
   0.000000000000000E+000
   0.000000000000000E+000
   0.000000000000000E+000
   6.592715234366727E-001
   0.000000000000000E+000
   0.000000000000000E+000
   5.356798202467409E-001
  -3.229521209523349E-001
   3.398799464275024E-002
   0.000000000000000E+000
   0.000000000000000E+000
   0.000000000000000E+000
   0.000000000000000E+000
   0.000000000000000E+000
   0.000000000000000E+000
   0.000000000000000E+000
   0.000000000000000E+000
   0.000000000000000E+000
   0.000000000000000E+000
   0.000000000000000E+000
   0.000000000000000E+000
   0.000000000000000E+000
   0.000000000000000E+000
   0.000000000000000E+000
   0.000000000000000E+000
   0.000000000000000E+000
   0.000000000000000E+000
   0.000000000000000E+000
   0.000000000000000E+000
   0.000000000000000E+000
   0.000000000000000E+000
   0.000000000000000E+000
   6.592715234366727E-001
   0.000000000000000E+000
  -4.855331884411146E-001
  -3.229521209523349E-001
  -1.215550796792387E-002
   0.000000000000000E+000
   0.000000000000000E+000
   0.000000000000000E+000
   0.000000000000000E+000
   0.000000000000000E+000
   0.000000000000000E+000
   0.000000000000000E+000
   0.000000000000000E+000
   0.000000000000000E+000
   0.000000000000000E+000
   0.000000000000000E+000
   0.000000000000000E+000
   0.000000000000000E+000
   0.000000000000000E+000
   0.000000000000000E+000
   0.000000000000000E+000
   0.000000000000000E+000
   0.000000000000000E+000
   0.000000000000000E+000
   0.000000000000000E+000
   0.000000000000000E+000
   0.000000000000000E+000
   0.000000000000000E+000
   0.000000000000000E+000
   7.467545751831667E-001
   0.000000000000000E+000
   0.000000000000000E+000
   3.920997882586788E-002
   0.000000000000000E+000
   0.000000000000000E+000
   0.000000000000000E+000
   0.000000000000000E+000
   0.000000000000000E+000
   0.000000000000000E+000
   0.000000000000000E+000
   0.000000000000000E+000
   0.000000000000000E+000
   0.000000000000000E+000
   0.000000000000000E+000
   0.000000000000000E+000
   0.000000000000000E+000
   0.000000000000000E+000
   0.000000000000000E+000
   0.000000000000000E+000
   0.000000000000000E+000
   0.000000000000000E+000
   0.000000000000000E+000
   0.000000000000000E+000
   0.000000000000000E+000
   0.000000000000000E+000
   0.000000000000000E+000
   0.000000000000000E+000
   0.000000000000000E+000
   6.129905855400378E-001
   0.000000000000000E+000
   3.762323493045522E-002
   0.000000000000000E+000
   0.000000000000000E+000
   0.000000000000000E+000
   0.000000000000000E+000
   0.000000000000000E+000
   0.000000000000000E+000
   0.000000000000000E+000
   0.000000000000000E+000
   0.000000000000000E+000
   0.000000000000000E+000
   0.000000000000000E+000
   0.000000000000000E+000
   0.000000000000000E+000
   0.000000000000000E+000
   0.000000000000000E+000
   0.000000000000000E+000
   0.000000000000000E+000
   0.000000000000000E+000
   0.000000000000000E+000
   0.000000000000000E+000
   0.000000000000000E+000
   0.000000000000000E+000
   0.000000000000000E+000
   0.000000000000000E+000
   6.110894549190242E-001
   4.737325072992494E-001
   0.000000000000000E+000
   4.582172825869481E-002
   8.499460065783230E-003
   0.000000000000000E+000
   3.040054531170554E-002
   0.000000000000000E+000
   0.000000000000000E+000
   4.972179199988949E-002
   0.000000000000000E+000
   0.000000000000000E+000
   0.000000000000000E+000
   3.894753516235869E-002
   0.000000000000000E+000
   0.000000000000000E+000
   0.000000000000000E+000
   0.000000000000000E+000
   5.190694775843113E-002
   0.000000000000000E+000
   0.000000000000000E+000
   0.000000000000000E+000
   0.000000000000000E+000
   0.000000000000000E+000
   6.434222862705689E-002
   0.000000000000000E+000
   0.000000000000000E+000
   0.000000000000000E+000
   0.000000000000000E+000
   0.000000000000000E+000
   0.000000000000000E+000
   5.417409625052375E-002
   0.000000000000000E+000
   0.000000000000000E+000
   0.000000000000000E+000
   0.000000000000000E+000
   0.000000000000000E+000
   0.000000000000000E+000
   0.000000000000000E+000
   4.671917007570891E-002
   0.000000000000000E+000
   0.000000000000000E+000
   0.000000000000000E+000
   0.000000000000000E+000
   0.000000000000000E+000
   0.000000000000000E+000
   0.000000000000000E+000
   0.000000000000000E+000
   4.850075742534035E-002
   0.000000000000000E+000
   0.000000000000000E+000
   0.000000000000000E+000
   5.100152743518967E-002
   5.395876736193512E-002
  -4.340283414708143E-002
   0.000000000000000E+000
   0.000000000000000E+000
   0.000000000000000E+000
   5.856262103642088E-001
   0.000000000000000E+000
   0.000000000000000E+000
   0.000000000000000E+000
   0.000000000000000E+000
   0.000000000000000E+000
   0.000000000000000E+000
   7.929402708718009E-002
   3.927977459861329E-002
  -4.501609637240340E-002
   8.563337384801409E-002
   4.725470183975333E-001
   2.771009421215172E-003
   4.212168761624510E-003
   1.009009354156136E-003
   2.949674613568382E-003
   3.120706658623042E-003
  -2.510203997385218E-003
   5.911128561997522E-003
   2.928187734536527E-003
  -3.355813076866265E-003
   4.527010392934877E-002
   4.639166880746062E-002
   9.569658241768119E-003
   0.000000000000000E+000
   0.000000000000000E+000
   0.000000000000000E+000
   0.000000000000000E+000
   0.000000000000000E+000
   0.000000000000000E+000
   0.000000000000000E+000
   0.000000000000000E+000
   0.000000000000000E+000
   0.000000000000000E+000
   0.000000000000000E+000
   0.000000000000000E+000
   1.315098580966101E-002
   0.000000000000000E+000
   0.000000000000000E+000
   0.000000000000000E+000
   0.000000000000000E+000
   0.000000000000000E+000
   0.000000000000000E+000
   0.000000000000000E+000
   0.000000000000000E+000
   0.000000000000000E+000
   0.000000000000000E+000
   0.000000000000000E+000
   0.000000000000000E+000
   0.000000000000000E+000
   1.580164553007839E-002
   0.000000000000000E+000
   0.000000000000000E+000
   0.000000000000000E+000
   0.000000000000000E+000
   0.000000000000000E+000
   0.000000000000000E+000
   0.000000000000000E+000
   0.000000000000000E+000
   0.000000000000000E+000
   0.000000000000000E+000
   0.000000000000000E+000
   0.000000000000000E+000
   0.000000000000000E+000
   0.000000000000000E+000
   1.465874139877139E-002
   0.000000000000000E+000
   0.000000000000000E+000
   0.000000000000000E+000
   0.000000000000000E+000
   0.000000000000000E+000
   0.000000000000000E+000
   0.000000000000000E+000
   0.000000000000000E+000
   0.000000000000000E+000
   0.000000000000000E+000
   0.000000000000000E+000
   0.000000000000000E+000
   0.000000000000000E+000
   0.000000000000000E+000
   0.000000000000000E+000
   1.418515471649958E-002
   0.000000000000000E+000
   0.000000000000000E+000
   0.000000000000000E+000
   1.211120926533473E-002
   0.000000000000000E+000
   0.000000000000000E+000
   0.000000000000000E+000
   0.000000000000000E+000
   0.000000000000000E+000
   0.000000000000000E+000
   0.000000000000000E+000
   0.000000000000000E+000
   8.167865490584614E-003
  -1.290067292164917E-002
   0.000000000000000E+000
   0.000000000000000E+000
   1.203777196327107E-001
   0.000000000000000E+000
   0.000000000000000E+000
   0.000000000000000E+000
   0.000000000000000E+000
   0.000000000000000E+000
   0.000000000000000E+000
   1.449180650275507E-002
   0.000000000000000E+000
   0.000000000000000E+000
   0.000000000000000E+000
   0.000000000000000E+000
   0.000000000000000E+000
   0.000000000000000E+000
   0.000000000000000E+000
   6.219933960103880E-003
  -1.299890820358743E-002
   2.894208025567713E-002
   1.372463373890752E-001
  -5.192231556000066E-004
  -2.759186726752553E-003
  -5.455178280696039E-003
  -2.157371356899476E-003
   0.000000000000000E+000
   0.000000000000000E+000
  -2.676701447945387E-003
   0.000000000000000E+000
   0.000000000000000E+000
   0.000000000000000E+000
   0.000000000000000E+000
   0.000000000000000E+000
  -5.180305573752753E-003
  -6.224427096088579E-003
  -5.938146625168983E-003
  -5.746300198347306E-003
  -2.906426689273616E-003
  -3.124410725652503E-003
   1.989343120986017E-002
   2.844100945735949E-004
   7.863477418655914E-004
   4.247778002736539E-004
   6.796338264858333E-004
   0.000000000000000E+000
   0.000000000000000E+000
   8.374486851943242E-004
   0.000000000000000E+000
   0.000000000000000E+000
   0.000000000000000E+000
   0.000000000000000E+000
   0.000000000000000E+000
   6.512822916075367E-004
  -2.825658610529117E-004
   6.074697480782078E-004
  -3.292375907853624E-004
   7.898984756800263E-003
   9.130264625890519E-003
  -2.360445320566292E-003
   1.375628873216897E-003
   0.000000000000000E+000
   0.000000000000000E+000
   0.000000000000000E+000
   0.000000000000000E+000
   0.000000000000000E+000
   0.000000000000000E+000
   0.000000000000000E+000
   0.000000000000000E+000
   0.000000000000000E+000
   0.000000000000000E+000
   0.000000000000000E+000
   0.000000000000000E+000
   0.000000000000000E+000
   0.000000000000000E+000
   0.000000000000000E+000
   0.000000000000000E+000
   0.000000000000000E+000
   0.000000000000000E+000
   0.000000000000000E+000
   0.000000000000000E+000
   3.697085372304950E-002
   0.000000000000000E+000
   0.000000000000000E+000
   0.000000000000000E+000
   0.000000000000000E+000
   0.000000000000000E+000
   0.000000000000000E+000
   0.000000000000000E+000
   0.000000000000000E+000
   0.000000000000000E+000
   0.000000000000000E+000
   0.000000000000000E+000
   0.000000000000000E+000
   0.000000000000000E+000
   0.000000000000000E+000
   0.000000000000000E+000
   0.000000000000000E+000
   0.000000000000000E+000
   0.000000000000000E+000
   0.000000000000000E+000
   0.000000000000000E+000
   0.000000000000000E+000
   4.843626592481514E-002
   0.000000000000000E+000
   0.000000000000000E+000
   0.000000000000000E+000
   0.000000000000000E+000
   0.000000000000000E+000
   0.000000000000000E+000
   0.000000000000000E+000
   0.000000000000000E+000
   0.000000000000000E+000
   0.000000000000000E+000
   0.000000000000000E+000
   0.000000000000000E+000
   0.000000000000000E+000
   0.000000000000000E+000
   0.000000000000000E+000
   0.000000000000000E+000
   0.000000000000000E+000
   0.000000000000000E+000
   0.000000000000000E+000
   0.000000000000000E+000
   0.000000000000000E+000
   0.000000000000000E+000
   3.882717683318237E-002
   0.000000000000000E+000
   0.000000000000000E+000
   0.000000000000000E+000
   0.000000000000000E+000
   0.000000000000000E+000
   0.000000000000000E+000
   0.000000000000000E+000
   0.000000000000000E+000
   0.000000000000000E+000
   0.000000000000000E+000
   0.000000000000000E+000
   0.000000000000000E+000
   0.000000000000000E+000
   0.000000000000000E+000
   0.000000000000000E+000
   0.000000000000000E+000
   0.000000000000000E+000
   0.000000000000000E+000
   0.000000000000000E+000
   0.000000000000000E+000
   0.000000000000000E+000
   0.000000000000000E+000
   0.000000000000000E+000
   4.093990426919720E-002
   0.000000000000000E+000
   0.000000000000000E+000
   0.000000000000000E+000
   3.721988243860237E-002
   0.000000000000000E+000
   0.000000000000000E+000
   0.000000000000000E+000
   0.000000000000000E+000
   0.000000000000000E+000
   0.000000000000000E+000
   0.000000000000000E+000
   0.000000000000000E+000
   0.000000000000000E+000
   0.000000000000000E+000
   0.000000000000000E+000
   0.000000000000000E+000
   0.000000000000000E+000
   0.000000000000000E+000
   0.000000000000000E+000
   0.000000000000000E+000
   3.990208219466965E-002
  -2.727018029540286E-002
   0.000000000000000E+000
   0.000000000000000E+000
   4.413738119025339E-001
   0.000000000000000E+000
   0.000000000000000E+000
   0.000000000000000E+000
   0.000000000000000E+000
   0.000000000000000E+000
   0.000000000000000E+000
   3.969344170479867E-002
   0.000000000000000E+000
   0.000000000000000E+000
   0.000000000000000E+000
   0.000000000000000E+000
   0.000000000000000E+000
   0.000000000000000E+000
   0.000000000000000E+000
   0.000000000000000E+000
   0.000000000000000E+000
   0.000000000000000E+000
   0.000000000000000E+000
   0.000000000000000E+000
   0.000000000000000E+000
   0.000000000000000E+000
   0.000000000000000E+000
   3.154835961709095E-002
  -3.015097960045091E-002
   7.448416955711633E-002
   3.181664637435323E-001
  -2.308513736405885E-003
  -9.703217733941935E-003
  -1.527188161919763E-002
  -5.942381611724139E-003
   0.000000000000000E+000
   0.000000000000000E+000
  -7.295178444079916E-003
   0.000000000000000E+000
   0.000000000000000E+000
   0.000000000000000E+000
   0.000000000000000E+000
   0.000000000000000E+000
   0.000000000000000E+000
   0.000000000000000E+000
   0.000000000000000E+000
   0.000000000000000E+000
   0.000000000000000E+000
   0.000000000000000E+000
   0.000000000000000E+000
   0.000000000000000E+000
  -1.601441549669094E-002
  -2.098081081488809E-002
  -1.901996167451952E-002
  -2.005490673463437E-002
  -2.159396138424406E-002
  -2.012883547197168E-002
   6.859753496828981E-002
   1.005001057878324E-003
   2.159165942302393E-003
   8.363265284466571E-004
   1.667138113578153E-003
   0.000000000000000E+000
   0.000000000000000E+000
   2.014543370653867E-003
   0.000000000000000E+000
   0.000000000000000E+000
   0.000000000000000E+000
   0.000000000000000E+000
   0.000000000000000E+000
   0.000000000000000E+000
   0.000000000000000E+000
   0.000000000000000E+000
   0.000000000000000E+000
   0.000000000000000E+000
   0.000000000000000E+000
   0.000000000000000E+000
   0.000000000000000E+000
   2.079421395855735E-003
  -4.540029321203948E-004
   2.001691004823266E-003
  -7.548412374254006E-004
   2.398819157610188E-002
   1.969119485687531E-002
  -7.024340899213839E-003
   3.132220806472827E-003
      615.181208329204196
      270.712941578564084
      168.257443650689680
       70.773214903822279
       54.237110762431271
       40.753143201065079
      -19.405065147783851
       -4.964439175483156
        9.715356069349918
       35.300947272502150
      -12.261819524333944
        3.586352133224879
        9.618013267492163
       13.849534998832430
       22.761142710995628
       15.033005941271217
       14.778438093897950
       12.745586888053822
        4.635314668918583
        6.994448299291237
       15.232647840666512
      -24.644238696799420
       -5.776263592653081
        9.635552718835076
        9.020192891041212
        5.322179200669094
        5.837991553643542
       30.464316446455296
   5.002920940832443E-001
       11.455241291347274
       16.583574148616005
        8.206380993394285
        7.266800765792385
        7.609015170982034
       13.297301163912039
       22.586877008366990
       32.698424025899627
       24.753136432948200
       17.247870449545665
        4.052342996726179
        6.354797182072869
        7.566877662975704
        3.480555995755789
        8.441581476675090
       20.947571821821466
       69.655240794762307
       36.672421461375038
        8.665115943729642
       -6.381911159789539
       -5.714388107236536
        2.022730401502018
       -3.823665169055247
  -5.544531385277865E-001
        3.178516366274454
       12.980298434549184
       96.714499569820134
       49.417196070553018
       11.196306719089044
       -4.951403769244479
       -2.159763590001671
        1.299934978698698
      -10.628673386708529
       -3.738634771131056
        6.638303921224376
       13.610019751374082
       22.916786199902887
    -1053.392025422479719
     -534.665828335265132
     -136.798763386418557
       41.359217825842137
       38.413702242085428
      -18.615180653157349
       57.437571501783296
       13.710956540838380
      -56.853531753916187
     -150.549439785397453
     -209.823116290158339
     2367.345694782409282
       13.910779267043829
       14.563019022840621
       15.094687489054643
        9.272792333768249
        5.943121490824939
        5.111320505430490
        5.461608569845930
        7.198566267418113
        6.413666348237033
        1.149342079523785
        1.887592350187132
      -28.264938856192668
       81.203784544281135
       20.413536126968644
       17.552181040284928
       15.410645120298049
        5.648141296334332
        4.327488203981846
        5.105984770207708
        7.094520577713268
        7.464307324471481
        6.509468538570234
        2.329874986680066
        2.482264084725111
      -38.583252200723578
       26.385289078227569
       50.132939386907459
       16.274957348386998
       17.282789607563391
       15.687387794176194
        6.414754958341591
        5.220899838921620
        5.405046748660809
        6.516948280709340
        7.589320046370859
        6.763243209287197
        1.920666144409689
        2.245162444297597
      -34.648409576814124
       29.584002418892172
       17.506282720070139
       64.530875777104001
       24.082802418050946
       20.164617320845380
       16.493400790677399
        6.824274810231149
        5.220957635323797
        5.282772508474511
        4.206077482564274
        6.956537271292811
        6.828729039616638
        2.727194701284489
        3.849190960975949
      -48.050531177430528
       18.785362763496831
       15.448471479950930
       31.702142080840854
       62.555523676210136
       52.264017486032586
       25.435914189814909
        2.897775742723532
       -8.058953654289397
       -3.472186696541012
   3.577872167028107E-001
       -1.592436871128006
       -1.103626514911684
        1.326028551863774
        7.143567287452181
        8.551643255499524
      -94.953322695197983
      -10.520729802103077
        1.534838111120228
      -14.317315116215051
       -9.975873834886926
       32.541739143013949
       60.081514495884022
       29.498046202561301
        3.555449475965649
       -4.488978889329704
       -2.331747866182587
   2.266096189562576E-001
       -6.609781888216163
       -2.313310019377335
        1.913898690212434
        7.697658197510803
       11.048519609786533
     -111.921778702940287
       -5.158728398758965
       -2.406923899405962
       -7.233718222075266
        3.617077179485281
       17.175029707914199
       26.304439914803762
      -20.192149876675526
        6.647286725295197
       33.937756738525493
       28.151632228171632
       16.186927371594674
       12.390376474841231
       24.211782135077847
       21.217475089207781
       13.640266668554267
       -4.568890087984840
       -6.978643867556890
       40.350577483992815
       53.374803299013600
       34.986784937661980
       52.975627049950077
       34.241278363644930
      -34.215578104890845
      -34.851752781548051
      267.823085891235166
    -1005.980440169583972
     -498.713841319751964
      -58.482602985620936
      105.379325601347759
       48.035299932225229
       -6.382949704284307
       74.322256654785363
       30.455090180260854
      -30.143743872256749
     -132.493962891617628
     -176.614038826301339
     1865.504075126464386
      146.308945225171470
       35.178235004992963
      221.173016067796340
       56.204184469330293
     -355.145914979757720
     -334.228135247825833
      801.807817863505761
     7233.981674357877637
  -8.259607679424334E-001
       10.785242141407210
       14.250491252187894
       12.829445862984350
        7.061994611276075
        5.189707920482000
        7.625636991809929
        8.187003056501462
        6.053706886917813
  -6.815908809500897E-001
  -5.642697297508619E-001
       -4.534228869469757
        7.132082068554833
        6.234547492373924
        6.674741345048407
        6.687711475880816
       -2.310869499493675
       -1.672383782045303
       19.518200762975091
       33.602057094016516
       29.356046437772388
       19.830740031315301
       18.355872604382753
       16.344112060909147
        6.827686896461027
        5.057165747778685
        5.444373773504052
        7.229470496284344
        7.905642797350377
        6.803369532523856
        2.251253046792220
        2.510731771716166
      -38.857408954821267
        6.514854653083819
        6.545285072379935
        6.699412396519936
        6.755244044500668
   3.758788956611259E-001
   3.243938735073737E-001
       16.302725660718920
       -6.903612465391973
       12.421867747222446
       21.091231410185795
  -8.038866628336621E-001
       12.892619136006893
       15.384265496828945
        8.494817213723234
        6.226865655708486
        6.116831288346686
       13.684143954993552
       10.224405781511841
        6.246170332695036
   3.733335463103060E-004
       -1.784461875112232
       -4.359821317711209
        7.135373915608852
        7.356609646427540
        7.532125054593454
        6.735453649867173
       -1.153463152975949
       -2.318022594051982
       20.853228864748310
       29.767527017836187
       13.851061582702929
       11.282640880427540
       31.101587795497597
       16.302334073443831
       18.817137956909683
       18.445338022598808
        8.643916427443626
        6.426123147228170
        6.209323653739363
        7.969568996466841
        9.058025565857800
        7.267072287548040
        1.819248253874518
        1.974330662201371
      -34.243301618625509
        7.818412757394317
        7.590536334611411
        7.971895966333656
        7.732681178592330
  -6.445296353992109E-001
  -4.119783951064875E-001
       19.749022575839390
        7.843749808701261
       12.158473291933163
       13.155666058040541
       19.328881594288895
       31.278035302589601
       63.080771196824685
       29.948729903455629
        4.152751340943320
       -7.256234228931154
       -3.357571327270851
   4.386108618303053E-001
       -4.752399289173992
       -1.782659750171922
        2.322998334908025
        8.226400068444601
       10.965119222987720
     -114.927182032460081
  -4.739808218327943E-001
   5.998718747252122E-001
   2.256387283113200E-001
   9.562166101323594E-001
        6.727423868591456
        7.205087932342410
       -8.303644481532480
     -125.108281283337504
       -5.317497328672969
        1.557592399036811
       -3.071248633125787
       -2.479526083398626
       13.098908951078098
       69.173125447031779
       33.274762090495535
        5.262823630063918
       -4.657027512094581
       -2.387662531682867
   4.451146372980553E-001
       -8.631574272092580
       -2.562723034417322
        2.756094738441015
        8.692794990655658
       12.873758551523554
     -128.030371041750584
   2.339714932834057E-001
   6.648186388513571E-001
   4.975769528191119E-001
        1.623800456913344
        6.326980795020035
        8.124420796695757
       -8.127390694311575
     -130.718186069867812
       -2.956319192550180
  -5.477588003753919E-002
       -4.937154540748296
   5.107418043547665E-001
        9.906261600715283
       14.866939708612849
      -18.377784579946308
       12.996895244276146
       33.076775775734646
       23.518800048175478
       14.977897147522112
       12.089959116728995
       22.530485779480390
       20.268925741616414
       13.064546812152596
       -3.144355742558158
       -5.560324480600983
       26.814120439029921
       15.745461697138097
       14.631709561127327
       15.566967089365594
       14.616369837563006
       -6.073260137678567
       -6.689665147741731
       46.288994760433624
      111.681502574247588
       26.222496756845700
       22.609321139792652
       32.380374761508385
       33.833680584067437
      -11.190393391570847
      -11.010736185521129
      115.110257808595691
    -1328.114502488844664
     -635.236426832548204
      -88.795374865969507
      113.465746187563582
       56.350639670054576
       -8.958930281223132
      122.705186248488531
       42.571170150120082
      -49.191110383627858
     -168.799782654603291
     -236.484111422335673
     2437.079573219281883
        4.567791066674857
      -12.311832989227899
       -4.493311299878457
      -23.542242288736432
     -133.897662019392783
     -154.642921801972307
      163.594210500553118
     2590.377130421022230
       88.650139210212217
       13.005681276561063
       92.323565936532418
       62.304880660597462
     -214.957905076960060
     -224.112433348684704
      326.863320245292925
     5253.822635088403331
