   3.989403024610526E-002
           3
          33
          28
   9.057916957762224E-001
   0.000000000000000E+000
   0.000000000000000E+000
   0.000000000000000E+000
   0.000000000000000E+000
   0.000000000000000E+000
   0.000000000000000E+000
   0.000000000000000E+000
   0.000000000000000E+000
   0.000000000000000E+000
   0.000000000000000E+000
   0.000000000000000E+000
   0.000000000000000E+000
   0.000000000000000E+000
   0.000000000000000E+000
   0.000000000000000E+000
   0.000000000000000E+000
   0.000000000000000E+000
   0.000000000000000E+000
   0.000000000000000E+000
   0.000000000000000E+000
   0.000000000000000E+000
   0.000000000000000E+000
  -1.475871507099535E-001
   0.000000000000000E+000
   0.000000000000000E+000
   0.000000000000000E+000
   0.000000000000000E+000
   0.000000000000000E+000
   9.057916957762224E-001
   0.000000000000000E+000
   0.000000000000000E+000
   0.000000000000000E+000
   0.000000000000000E+000
   0.000000000000000E+000
   0.000000000000000E+000
   0.000000000000000E+000
   0.000000000000000E+000
   0.000000000000000E+000
   0.000000000000000E+000
   0.000000000000000E+000
   0.000000000000000E+000
   0.000000000000000E+000
   0.000000000000000E+000
   0.000000000000000E+000
   0.000000000000000E+000
   0.000000000000000E+000
   0.000000000000000E+000
   0.000000000000000E+000
   0.000000000000000E+000
   0.000000000000000E+000
  -2.913965335120920E-001
   0.000000000000000E+000
   0.000000000000000E+000
   0.000000000000000E+000
   0.000000000000000E+000
   0.000000000000000E+000
   0.000000000000000E+000
   9.057916957762224E-001
   0.000000000000000E+000
   0.000000000000000E+000
   0.000000000000000E+000
   0.000000000000000E+000
   0.000000000000000E+000
   0.000000000000000E+000
   0.000000000000000E+000
   0.000000000000000E+000
   0.000000000000000E+000
   0.000000000000000E+000
   0.000000000000000E+000
   0.000000000000000E+000
   0.000000000000000E+000
   0.000000000000000E+000
   0.000000000000000E+000
   0.000000000000000E+000
   0.000000000000000E+000
   0.000000000000000E+000
   0.000000000000000E+000
   0.000000000000000E+000
  -5.074922297005969E-001
   0.000000000000000E+000
   0.000000000000000E+000
   0.000000000000000E+000
   0.000000000000000E+000
   0.000000000000000E+000
   0.000000000000000E+000
   0.000000000000000E+000
   7.189717698492460E-001
   0.000000000000000E+000
   0.000000000000000E+000
   0.000000000000000E+000
   0.000000000000000E+000
   0.000000000000000E+000
   0.000000000000000E+000
   0.000000000000000E+000
   0.000000000000000E+000
   0.000000000000000E+000
   0.000000000000000E+000
   0.000000000000000E+000
   0.000000000000000E+000
   0.000000000000000E+000
   0.000000000000000E+000
   3.512346550720175E-001
   0.000000000000000E+000
   0.000000000000000E+000
   0.000000000000000E+000
   0.000000000000000E+000
        1.658452171824162
   0.000000000000000E+000
   0.000000000000000E+000
   0.000000000000000E+000
   0.000000000000000E+000
   0.000000000000000E+000
   0.000000000000000E+000
   0.000000000000000E+000
   0.000000000000000E+000
   7.189717698492460E-001
   0.000000000000000E+000
   0.000000000000000E+000
   0.000000000000000E+000
   0.000000000000000E+000
   0.000000000000000E+000
   0.000000000000000E+000
   0.000000000000000E+000
   0.000000000000000E+000
   0.000000000000000E+000
   0.000000000000000E+000
   0.000000000000000E+000
   0.000000000000000E+000
   0.000000000000000E+000
   2.290621824128080E-002
   0.000000000000000E+000
   0.000000000000000E+000
   0.000000000000000E+000
   0.000000000000000E+000
   1.081580841809049E-001
   0.000000000000000E+000
   0.000000000000000E+000
   0.000000000000000E+000
   0.000000000000000E+000
   0.000000000000000E+000
   0.000000000000000E+000
   0.000000000000000E+000
   0.000000000000000E+000
   0.000000000000000E+000
   7.189717698492460E-001
   0.000000000000000E+000
   0.000000000000000E+000
   0.000000000000000E+000
   0.000000000000000E+000
   0.000000000000000E+000
   0.000000000000000E+000
   0.000000000000000E+000
   0.000000000000000E+000
   0.000000000000000E+000
   0.000000000000000E+000
   0.000000000000000E+000
   0.000000000000000E+000
  -2.851805495924618E-001
   0.000000000000000E+000
   0.000000000000000E+000
   0.000000000000000E+000
   0.000000000000000E+000
       -1.346559330077069
   0.000000000000000E+000
   0.000000000000000E+000
   0.000000000000000E+000
   0.000000000000000E+000
   0.000000000000000E+000
   0.000000000000000E+000
   0.000000000000000E+000
   0.000000000000000E+000
   0.000000000000000E+000
   0.000000000000000E+000
   8.523283386546926E-001
   0.000000000000000E+000
   0.000000000000000E+000
   0.000000000000000E+000
   0.000000000000000E+000
   0.000000000000000E+000
   0.000000000000000E+000
   0.000000000000000E+000
   0.000000000000000E+000
   0.000000000000000E+000
   0.000000000000000E+000
   0.000000000000000E+000
   0.000000000000000E+000
   5.099087362709893E-001
   0.000000000000000E+000
   0.000000000000000E+000
   0.000000000000000E+000
        1.528273821989015
   0.000000000000000E+000
   0.000000000000000E+000
   0.000000000000000E+000
   0.000000000000000E+000
   0.000000000000000E+000
   0.000000000000000E+000
   0.000000000000000E+000
   0.000000000000000E+000
   0.000000000000000E+000
   0.000000000000000E+000
   0.000000000000000E+000
   8.523283386546926E-001
   0.000000000000000E+000
   0.000000000000000E+000
   0.000000000000000E+000
   0.000000000000000E+000
   0.000000000000000E+000
   0.000000000000000E+000
   0.000000000000000E+000
   0.000000000000000E+000
   0.000000000000000E+000
   0.000000000000000E+000
   0.000000000000000E+000
   2.561515708658433E-001
   0.000000000000000E+000
   0.000000000000000E+000
   0.000000000000000E+000
   7.677251091606855E-001
   0.000000000000000E+000
   0.000000000000000E+000
   0.000000000000000E+000
   0.000000000000000E+000
   0.000000000000000E+000
   0.000000000000000E+000
   0.000000000000000E+000
   0.000000000000000E+000
   0.000000000000000E+000
   0.000000000000000E+000
   0.000000000000000E+000
   0.000000000000000E+000
   8.523283386546926E-001
   0.000000000000000E+000
   0.000000000000000E+000
   0.000000000000000E+000
   0.000000000000000E+000
   0.000000000000000E+000
   0.000000000000000E+000
   0.000000000000000E+000
   0.000000000000000E+000
   0.000000000000000E+000
   0.000000000000000E+000
  -4.752719709185939E-002
   0.000000000000000E+000
   0.000000000000000E+000
   0.000000000000000E+000
  -1.424462182765971E-001
   0.000000000000000E+000
   0.000000000000000E+000
   0.000000000000000E+000
   0.000000000000000E+000
   0.000000000000000E+000
   0.000000000000000E+000
   0.000000000000000E+000
   0.000000000000000E+000
   0.000000000000000E+000
   0.000000000000000E+000
   0.000000000000000E+000
   0.000000000000000E+000
   0.000000000000000E+000
   7.102328653061859E-001
   0.000000000000000E+000
   0.000000000000000E+000
   0.000000000000000E+000
   0.000000000000000E+000
   0.000000000000000E+000
   0.000000000000000E+000
   0.000000000000000E+000
   0.000000000000000E+000
   0.000000000000000E+000
   0.000000000000000E+000
   1.521365166375072E-001
   0.000000000000000E+000
   0.000000000000000E+000
   7.365342960538830E-001
   0.000000000000000E+000
   0.000000000000000E+000
   0.000000000000000E+000
   0.000000000000000E+000
   0.000000000000000E+000
   0.000000000000000E+000
   0.000000000000000E+000
   0.000000000000000E+000
   0.000000000000000E+000
   0.000000000000000E+000
   0.000000000000000E+000
   0.000000000000000E+000
   0.000000000000000E+000
   0.000000000000000E+000
   7.102328653061859E-001
   0.000000000000000E+000
   0.000000000000000E+000
   0.000000000000000E+000
   0.000000000000000E+000
   0.000000000000000E+000
   0.000000000000000E+000
   0.000000000000000E+000
   0.000000000000000E+000
   0.000000000000000E+000
  -1.798388157469371E-001
   0.000000000000000E+000
   0.000000000000000E+000
  -8.706486679653522E-001
   0.000000000000000E+000
   0.000000000000000E+000
   0.000000000000000E+000
   0.000000000000000E+000
   0.000000000000000E+000
   0.000000000000000E+000
   0.000000000000000E+000
   0.000000000000000E+000
   0.000000000000000E+000
   0.000000000000000E+000
   0.000000000000000E+000
   0.000000000000000E+000
   0.000000000000000E+000
   0.000000000000000E+000
   0.000000000000000E+000
   7.102328653061859E-001
   0.000000000000000E+000
   0.000000000000000E+000
   0.000000000000000E+000
   0.000000000000000E+000
   0.000000000000000E+000
   0.000000000000000E+000
   0.000000000000000E+000
   0.000000000000000E+000
  -3.905604922269792E-001
   0.000000000000000E+000
   0.000000000000000E+000
       -1.890809672567047
   0.000000000000000E+000
   0.000000000000000E+000
   0.000000000000000E+000
   0.000000000000000E+000
   0.000000000000000E+000
   0.000000000000000E+000
   0.000000000000000E+000
   0.000000000000000E+000
   0.000000000000000E+000
   0.000000000000000E+000
   0.000000000000000E+000
   0.000000000000000E+000
   0.000000000000000E+000
   0.000000000000000E+000
   0.000000000000000E+000
   0.000000000000000E+000
   8.008726559373285E-001
   0.000000000000000E+000
   0.000000000000000E+000
   0.000000000000000E+000
   0.000000000000000E+000
   0.000000000000000E+000
   0.000000000000000E+000
   0.000000000000000E+000
   0.000000000000000E+000
   1.464015493568942E-001
   0.000000000000000E+000
   5.346840675259905E-001
   0.000000000000000E+000
   0.000000000000000E+000
   0.000000000000000E+000
   0.000000000000000E+000
   0.000000000000000E+000
   0.000000000000000E+000
   0.000000000000000E+000
   0.000000000000000E+000
   0.000000000000000E+000
   0.000000000000000E+000
   0.000000000000000E+000
   0.000000000000000E+000
   0.000000000000000E+000
   0.000000000000000E+000
   0.000000000000000E+000
   0.000000000000000E+000
   0.000000000000000E+000
   8.008726559373285E-001
   0.000000000000000E+000
   0.000000000000000E+000
   0.000000000000000E+000
   0.000000000000000E+000
   0.000000000000000E+000
   0.000000000000000E+000
   0.000000000000000E+000
  -6.427004178082278E-002
   0.000000000000000E+000
  -2.347254350134201E-001
   0.000000000000000E+000
   0.000000000000000E+000
   0.000000000000000E+000
   0.000000000000000E+000
   0.000000000000000E+000
   0.000000000000000E+000
   0.000000000000000E+000
   0.000000000000000E+000
   0.000000000000000E+000
   0.000000000000000E+000
   0.000000000000000E+000
   0.000000000000000E+000
   0.000000000000000E+000
   0.000000000000000E+000
   0.000000000000000E+000
   0.000000000000000E+000
   0.000000000000000E+000
   0.000000000000000E+000
   8.008726559373285E-001
   0.000000000000000E+000
   0.000000000000000E+000
   0.000000000000000E+000
   0.000000000000000E+000
   0.000000000000000E+000
   0.000000000000000E+000
  -2.345812385936716E-001
   0.000000000000000E+000
  -8.567317174409586E-001
   0.000000000000000E+000
   0.000000000000000E+000
   0.000000000000000E+000
   0.000000000000000E+000
   0.000000000000000E+000
   0.000000000000000E+000
   0.000000000000000E+000
   0.000000000000000E+000
   0.000000000000000E+000
   0.000000000000000E+000
   0.000000000000000E+000
   0.000000000000000E+000
   0.000000000000000E+000
   0.000000000000000E+000
   0.000000000000000E+000
   0.000000000000000E+000
   0.000000000000000E+000
   0.000000000000000E+000
   0.000000000000000E+000
   9.092447331660016E-001
   0.000000000000000E+000
   0.000000000000000E+000
   0.000000000000000E+000
   0.000000000000000E+000
   0.000000000000000E+000
   0.000000000000000E+000
   2.613950818796044E-001
   5.845092944025154E-001
   0.000000000000000E+000
   0.000000000000000E+000
   0.000000000000000E+000
   0.000000000000000E+000
   0.000000000000000E+000
   0.000000000000000E+000
   0.000000000000000E+000
   0.000000000000000E+000
   0.000000000000000E+000
   0.000000000000000E+000
   0.000000000000000E+000
   0.000000000000000E+000
   0.000000000000000E+000
   0.000000000000000E+000
   0.000000000000000E+000
   0.000000000000000E+000
   0.000000000000000E+000
   0.000000000000000E+000
   0.000000000000000E+000
   0.000000000000000E+000
   9.092447331660016E-001
   0.000000000000000E+000
   0.000000000000000E+000
   0.000000000000000E+000
   0.000000000000000E+000
   0.000000000000000E+000
   2.025482957930971E-001
   4.529211514047723E-001
   0.000000000000000E+000
   0.000000000000000E+000
   0.000000000000000E+000
   0.000000000000000E+000
   0.000000000000000E+000
   0.000000000000000E+000
   0.000000000000000E+000
   0.000000000000000E+000
   0.000000000000000E+000
   0.000000000000000E+000
   0.000000000000000E+000
   0.000000000000000E+000
   0.000000000000000E+000
   0.000000000000000E+000
   0.000000000000000E+000
   0.000000000000000E+000
   0.000000000000000E+000
   0.000000000000000E+000
   0.000000000000000E+000
   0.000000000000000E+000
   0.000000000000000E+000
   9.092447331660016E-001
   0.000000000000000E+000
   0.000000000000000E+000
   0.000000000000000E+000
   0.000000000000000E+000
   6.610694231690903E-002
   1.478226825497868E-001
   0.000000000000000E+000
   0.000000000000000E+000
   0.000000000000000E+000
   0.000000000000000E+000
   0.000000000000000E+000
   0.000000000000000E+000
   0.000000000000000E+000
   0.000000000000000E+000
   0.000000000000000E+000
   0.000000000000000E+000
   0.000000000000000E+000
   0.000000000000000E+000
   0.000000000000000E+000
   0.000000000000000E+000
   0.000000000000000E+000
   0.000000000000000E+000
   0.000000000000000E+000
   0.000000000000000E+000
   0.000000000000000E+000
   0.000000000000000E+000
   0.000000000000000E+000
   0.000000000000000E+000
   7.366679861001087E-002
   0.000000000000000E+000
   0.000000000000000E+000
   0.000000000000000E+000
   0.000000000000000E+000
   8.999289274665676E-001
   0.000000000000000E+000
   0.000000000000000E+000
   0.000000000000000E+000
   0.000000000000000E+000
   0.000000000000000E+000
   0.000000000000000E+000
   0.000000000000000E+000
   0.000000000000000E+000
   0.000000000000000E+000
   0.000000000000000E+000
   0.000000000000000E+000
   0.000000000000000E+000
   0.000000000000000E+000
   0.000000000000000E+000
   0.000000000000000E+000
   0.000000000000000E+000
   0.000000000000000E+000
   0.000000000000000E+000
   0.000000000000000E+000
   0.000000000000000E+000
   0.000000000000000E+000
   0.000000000000000E+000
   0.000000000000000E+000
   1.227317896002201E-001
   0.000000000000000E+000
   0.000000000000000E+000
   0.000000000000000E+000
   7.832860673696248E-001
   0.000000000000000E+000
   0.000000000000000E+000
   0.000000000000000E+000
   0.000000000000000E+000
   0.000000000000000E+000
   0.000000000000000E+000
   0.000000000000000E+000
   0.000000000000000E+000
   0.000000000000000E+000
   0.000000000000000E+000
   0.000000000000000E+000
   0.000000000000000E+000
   0.000000000000000E+000
   0.000000000000000E+000
   0.000000000000000E+000
   0.000000000000000E+000
   0.000000000000000E+000
   0.000000000000000E+000
   0.000000000000000E+000
   0.000000000000000E+000
   0.000000000000000E+000
   0.000000000000000E+000
   9.092787766804676E-002
   2.013186942604366E-001
   0.000000000000000E+000
   0.000000000000000E+000
   0.000000000000000E+000
        1.032723940763777
   0.000000000000000E+000
   0.000000000000000E+000
   0.000000000000000E+000
   0.000000000000000E+000
   0.000000000000000E+000
   0.000000000000000E+000
   0.000000000000000E+000
   0.000000000000000E+000
   0.000000000000000E+000
   0.000000000000000E+000
   0.000000000000000E+000
   0.000000000000000E+000
   0.000000000000000E+000
   0.000000000000000E+000
   0.000000000000000E+000
   0.000000000000000E+000
   0.000000000000000E+000
   0.000000000000000E+000
   0.000000000000000E+000
   0.000000000000000E+000
   0.000000000000000E+000
   0.000000000000000E+000
   0.000000000000000E+000
   0.000000000000000E+000
   7.101311718110268E-002
   0.000000000000000E+000
   0.000000000000000E+000
   9.029758840462851E-001
   0.000000000000000E+000
   0.000000000000000E+000
   0.000000000000000E+000
   0.000000000000000E+000
   0.000000000000000E+000
   0.000000000000000E+000
   0.000000000000000E+000
   0.000000000000000E+000
   0.000000000000000E+000
   0.000000000000000E+000
   0.000000000000000E+000
   0.000000000000000E+000
   0.000000000000000E+000
   0.000000000000000E+000
   0.000000000000000E+000
   0.000000000000000E+000
   0.000000000000000E+000
   0.000000000000000E+000
   0.000000000000000E+000
   0.000000000000000E+000
   0.000000000000000E+000
   0.000000000000000E+000
   1.223887997239772E-001
   0.000000000000000E+000
   1.164838227555458E-001
   0.000000000000000E+000
   0.000000000000000E+000
        1.141822677016512
   0.000000000000000E+000
   0.000000000000000E+000
   0.000000000000000E+000
   0.000000000000000E+000
   0.000000000000000E+000
   0.000000000000000E+000
   0.000000000000000E+000
   0.000000000000000E+000
   0.000000000000000E+000
   0.000000000000000E+000
   0.000000000000000E+000
   0.000000000000000E+000
   0.000000000000000E+000
   0.000000000000000E+000
   0.000000000000000E+000
   0.000000000000000E+000
   0.000000000000000E+000
   0.000000000000000E+000
   0.000000000000000E+000
   0.000000000000000E+000
   0.000000000000000E+000
   0.000000000000000E+000
   0.000000000000000E+000
   2.039045635289137E-001
   8.765240452559177E-002
   0.000000000000000E+000
   0.000000000000000E+000
        1.035482057298112
   0.000000000000000E+000
   0.000000000000000E+000
   0.000000000000000E+000
   0.000000000000000E+000
   0.000000000000000E+000
   0.000000000000000E+000
   0.000000000000000E+000
   0.000000000000000E+000
   0.000000000000000E+000
   0.000000000000000E+000
   0.000000000000000E+000
   0.000000000000000E+000
   0.000000000000000E+000
   0.000000000000000E+000
   0.000000000000000E+000
   0.000000000000000E+000
   0.000000000000000E+000
   0.000000000000000E+000
   0.000000000000000E+000
   0.000000000000000E+000
   0.000000000000000E+000
   0.000000000000000E+000
   0.000000000000000E+000
   0.000000000000000E+000
   0.000000000000000E+000
   1.018184964419899E-001
   0.000000000000000E+000
   8.475313975778750E-001
   0.000000000000000E+000
   0.000000000000000E+000
   0.000000000000000E+000
   0.000000000000000E+000
   0.000000000000000E+000
   0.000000000000000E+000
   0.000000000000000E+000
   0.000000000000000E+000
   0.000000000000000E+000
   0.000000000000000E+000
   0.000000000000000E+000
   0.000000000000000E+000
   0.000000000000000E+000
   0.000000000000000E+000
   0.000000000000000E+000
   0.000000000000000E+000
   0.000000000000000E+000
   0.000000000000000E+000
   0.000000000000000E+000
   0.000000000000000E+000
   0.000000000000000E+000
   0.000000000000000E+000
   1.041109575887631E-001
   0.000000000000000E+000
   0.000000000000000E+000
   1.670143230375055E-001
   0.000000000000000E+000
        1.101554382821209
   0.000000000000000E+000
   0.000000000000000E+000
   0.000000000000000E+000
   0.000000000000000E+000
   0.000000000000000E+000
   0.000000000000000E+000
   0.000000000000000E+000
   0.000000000000000E+000
   0.000000000000000E+000
   0.000000000000000E+000
   0.000000000000000E+000
   0.000000000000000E+000
   0.000000000000000E+000
   0.000000000000000E+000
   0.000000000000000E+000
   0.000000000000000E+000
   0.000000000000000E+000
   0.000000000000000E+000
   0.000000000000000E+000
   0.000000000000000E+000
   0.000000000000000E+000
   0.000000000000000E+000
   0.000000000000000E+000
   1.734529582248617E-001
   0.000000000000000E+000
   1.256758806342860E-001
   0.000000000000000E+000
   9.788551238452050E-001
   0.000000000000000E+000
   0.000000000000000E+000
   0.000000000000000E+000
   0.000000000000000E+000
   0.000000000000000E+000
   0.000000000000000E+000
   0.000000000000000E+000
   0.000000000000000E+000
   0.000000000000000E+000
   0.000000000000000E+000
   0.000000000000000E+000
   0.000000000000000E+000
   0.000000000000000E+000
   0.000000000000000E+000
   0.000000000000000E+000
   0.000000000000000E+000
   0.000000000000000E+000
   0.000000000000000E+000
   0.000000000000000E+000
   0.000000000000000E+000
   0.000000000000000E+000
   0.000000000000000E+000
   0.000000000000000E+000
   0.000000000000000E+000
   1.003605935182169E-001
   1.691595644763333E-001
   0.000000000000000E+000
        1.103673275976487
   0.000000000000000E+000
   0.000000000000000E+000
   0.000000000000000E+000
   0.000000000000000E+000
   0.000000000000000E+000
   0.000000000000000E+000
   0.000000000000000E+000
   0.000000000000000E+000
   0.000000000000000E+000
   0.000000000000000E+000
   0.000000000000000E+000
   0.000000000000000E+000
   0.000000000000000E+000
   0.000000000000000E+000
   0.000000000000000E+000
   0.000000000000000E+000
   0.000000000000000E+000
   0.000000000000000E+000
   0.000000000000000E+000
   0.000000000000000E+000
   0.000000000000000E+000
   0.000000000000000E+000
   0.000000000000000E+000
   0.000000000000000E+000
   0.000000000000000E+000
   0.000000000000000E+000
   1.489973910927573E-001
   6.638246168240107E-001
   0.000000000000000E+000
   0.000000000000000E+000
   0.000000000000000E+000
   0.000000000000000E+000
   0.000000000000000E+000
   0.000000000000000E+000
   0.000000000000000E+000
   0.000000000000000E+000
   0.000000000000000E+000
   0.000000000000000E+000
   0.000000000000000E+000
   0.000000000000000E+000
   0.000000000000000E+000
   0.000000000000000E+000
   0.000000000000000E+000
   0.000000000000000E+000
   0.000000000000000E+000
   0.000000000000000E+000
   0.000000000000000E+000
   0.000000000000000E+000
   0.000000000000000E+000
   0.000000000000000E+000
   7.236960598216037E-002
   0.000000000000000E+000
   0.000000000000000E+000
   0.000000000000000E+000
   2.444025327155477E-001
   8.882252462834870E-001
   0.000000000000000E+000
   0.000000000000000E+000
   0.000000000000000E+000
   0.000000000000000E+000
   0.000000000000000E+000
   0.000000000000000E+000
   0.000000000000000E+000
   0.000000000000000E+000
   0.000000000000000E+000
   0.000000000000000E+000
   0.000000000000000E+000
   0.000000000000000E+000
   0.000000000000000E+000
   0.000000000000000E+000
   0.000000000000000E+000
   0.000000000000000E+000
   0.000000000000000E+000
   0.000000000000000E+000
   0.000000000000000E+000
   0.000000000000000E+000
   0.000000000000000E+000
   0.000000000000000E+000
   0.000000000000000E+000
   1.205706155614902E-001
   0.000000000000000E+000
   0.000000000000000E+000
   1.839093975274128E-001
   7.726108656122793E-001
   0.000000000000000E+000
   0.000000000000000E+000
   0.000000000000000E+000
   0.000000000000000E+000
   0.000000000000000E+000
   0.000000000000000E+000
   0.000000000000000E+000
   0.000000000000000E+000
   0.000000000000000E+000
   0.000000000000000E+000
   0.000000000000000E+000
   0.000000000000000E+000
   0.000000000000000E+000
   0.000000000000000E+000
   0.000000000000000E+000
   0.000000000000000E+000
   0.000000000000000E+000
   0.000000000000000E+000
   0.000000000000000E+000
   0.000000000000000E+000
   0.000000000000000E+000
   0.000000000000000E+000
   0.000000000000000E+000
   0.000000000000000E+000
   6.976265301235721E-002
   0.000000000000000E+000
   2.475417990455266E-001
   8.912717658646995E-001
   0.000000000000000E+000
   0.000000000000000E+000
   0.000000000000000E+000
   0.000000000000000E+000
   0.000000000000000E+000
   0.000000000000000E+000
   0.000000000000000E+000
   0.000000000000000E+000
   0.000000000000000E+000
   0.000000000000000E+000
   0.000000000000000E+000
   0.000000000000000E+000
   0.000000000000000E+000
   0.000000000000000E+000
   0.000000000000000E+000
   0.000000000000000E+000
   0.000000000000000E+000
   0.000000000000000E+000
   0.000000000000000E+000
   0.000000000000000E+000
   0.000000000000000E+000
   0.000000000000000E+000
   0.000000000000000E+000
   0.000000000000000E+000
   0.000000000000000E+000
   1.000255828709443E-001
   2.105733024590318E-001
   8.361769096021945E-001
   0.000000000000000E+000
   0.000000000000000E+000
   0.000000000000000E+000
   0.000000000000000E+000
   9.201971022237787E-001
   0.000000000000000E+000
   0.000000000000000E+000
   0.000000000000000E+000
   0.000000000000000E+000
   0.000000000000000E+000
   0.000000000000000E+000
   0.000000000000000E+000
   0.000000000000000E+000
   0.000000000000000E+000
   0.000000000000000E+000
   0.000000000000000E+000
   0.000000000000000E+000
   0.000000000000000E+000
   0.000000000000000E+000
   0.000000000000000E+000
   0.000000000000000E+000
   0.000000000000000E+000
   0.000000000000000E+000
   0.000000000000000E+000
   0.000000000000000E+000
   0.000000000000000E+000
   0.000000000000000E+000
   0.000000000000000E+000
  -9.201971022237787E-001
  -2.067343210773046E-001
   0.000000000000000E+000
   0.000000000000000E+000
   0.000000000000000E+000
   9.201971022237787E-001
   0.000000000000000E+000
   0.000000000000000E+000
   0.000000000000000E+000
   0.000000000000000E+000
   0.000000000000000E+000
   0.000000000000000E+000
   0.000000000000000E+000
   0.000000000000000E+000
   0.000000000000000E+000
   0.000000000000000E+000
   0.000000000000000E+000
   0.000000000000000E+000
   0.000000000000000E+000
   0.000000000000000E+000
   0.000000000000000E+000
   0.000000000000000E+000
   0.000000000000000E+000
   0.000000000000000E+000
   0.000000000000000E+000
   0.000000000000000E+000
   0.000000000000000E+000
   0.000000000000000E+000
  -9.201971022237787E-001
  -3.575146901178503E-001
   0.000000000000000E+000
   0.000000000000000E+000
   0.000000000000000E+000
   0.000000000000000E+000
   9.201971022237787E-001
   0.000000000000000E+000
   0.000000000000000E+000
   0.000000000000000E+000
   0.000000000000000E+000
   0.000000000000000E+000
   0.000000000000000E+000
   0.000000000000000E+000
   0.000000000000000E+000
   0.000000000000000E+000
   0.000000000000000E+000
   0.000000000000000E+000
   0.000000000000000E+000
   0.000000000000000E+000
   0.000000000000000E+000
   0.000000000000000E+000
   0.000000000000000E+000
   0.000000000000000E+000
   0.000000000000000E+000
   0.000000000000000E+000
   0.000000000000000E+000
   0.000000000000000E+000
  -9.201971022237787E-001
  -5.840853643290453E-001
   0.000000000000000E+000
   0.000000000000000E+000
   0.000000000000000E+000
   0.000000000000000E+000
   0.000000000000000E+000
   7.510436519887214E-001
   0.000000000000000E+000
   0.000000000000000E+000
   0.000000000000000E+000
   0.000000000000000E+000
   0.000000000000000E+000
   0.000000000000000E+000
   0.000000000000000E+000
   0.000000000000000E+000
   0.000000000000000E+000
   0.000000000000000E+000
   0.000000000000000E+000
   0.000000000000000E+000
   0.000000000000000E+000
   0.000000000000000E+000
   3.876310917732573E-001
   0.000000000000000E+000
   0.000000000000000E+000
   0.000000000000000E+000
   0.000000000000000E+000
   0.000000000000000E+000
       -1.552060742966576
        1.640964236328787
   0.000000000000000E+000
   0.000000000000000E+000
   0.000000000000000E+000
   0.000000000000000E+000
   0.000000000000000E+000
   0.000000000000000E+000
   7.510436519887214E-001
   0.000000000000000E+000
   0.000000000000000E+000
   0.000000000000000E+000
   0.000000000000000E+000
   0.000000000000000E+000
   0.000000000000000E+000
   0.000000000000000E+000
   0.000000000000000E+000
   0.000000000000000E+000
   0.000000000000000E+000
   0.000000000000000E+000
   0.000000000000000E+000
   0.000000000000000E+000
   7.812918779721595E-002
   0.000000000000000E+000
   0.000000000000000E+000
   0.000000000000000E+000
   0.000000000000000E+000
   0.000000000000000E+000
       -1.552060742966576
  -1.261886115627996E-001
   0.000000000000000E+000
   0.000000000000000E+000
   0.000000000000000E+000
   0.000000000000000E+000
   0.000000000000000E+000
   0.000000000000000E+000
   0.000000000000000E+000
   7.510436519887214E-001
   0.000000000000000E+000
   0.000000000000000E+000
   0.000000000000000E+000
   0.000000000000000E+000
   0.000000000000000E+000
   0.000000000000000E+000
   0.000000000000000E+000
   0.000000000000000E+000
   0.000000000000000E+000
   0.000000000000000E+000
   0.000000000000000E+000
   0.000000000000000E+000
  -2.122917155969227E-001
   0.000000000000000E+000
   0.000000000000000E+000
   0.000000000000000E+000
   0.000000000000000E+000
   0.000000000000000E+000
       -1.552060742966576
       -1.784395297619012
   0.000000000000000E+000
   0.000000000000000E+000
   0.000000000000000E+000
   0.000000000000000E+000
   0.000000000000000E+000
   0.000000000000000E+000
   0.000000000000000E+000
   0.000000000000000E+000
   8.732429444821700E-001
   0.000000000000000E+000
   0.000000000000000E+000
   0.000000000000000E+000
   0.000000000000000E+000
   0.000000000000000E+000
   0.000000000000000E+000
   0.000000000000000E+000
   0.000000000000000E+000
   0.000000000000000E+000
   0.000000000000000E+000
   0.000000000000000E+000
   0.000000000000000E+000
   5.423606845448773E-001
   0.000000000000000E+000
   0.000000000000000E+000
   0.000000000000000E+000
   0.000000000000000E+000
       -1.145464803961940
        1.543272522224605
   0.000000000000000E+000
   0.000000000000000E+000
   0.000000000000000E+000
   0.000000000000000E+000
   0.000000000000000E+000
   0.000000000000000E+000
   0.000000000000000E+000
   0.000000000000000E+000
   0.000000000000000E+000
   8.732429444821700E-001
   0.000000000000000E+000
   0.000000000000000E+000
   0.000000000000000E+000
   0.000000000000000E+000
   0.000000000000000E+000
   0.000000000000000E+000
   0.000000000000000E+000
   0.000000000000000E+000
   0.000000000000000E+000
   0.000000000000000E+000
   0.000000000000000E+000
   3.166783387472067E-001
   0.000000000000000E+000
   0.000000000000000E+000
   0.000000000000000E+000
   0.000000000000000E+000
       -1.145464803961940
   7.253512435165367E-001
   0.000000000000000E+000
   0.000000000000000E+000
   0.000000000000000E+000
   0.000000000000000E+000
   0.000000000000000E+000
   0.000000000000000E+000
   0.000000000000000E+000
   0.000000000000000E+000
   0.000000000000000E+000
   0.000000000000000E+000
   8.732429444821700E-001
   0.000000000000000E+000
   0.000000000000000E+000
   0.000000000000000E+000
   0.000000000000000E+000
   0.000000000000000E+000
   0.000000000000000E+000
   0.000000000000000E+000
   0.000000000000000E+000
   0.000000000000000E+000
   0.000000000000000E+000
   4.659754472423312E-002
   0.000000000000000E+000
   0.000000000000000E+000
   0.000000000000000E+000
   0.000000000000000E+000
       -1.145464803961940
  -2.534795446028283E-001
   0.000000000000000E+000
   0.000000000000000E+000
   0.000000000000000E+000
   0.000000000000000E+000
   0.000000000000000E+000
   0.000000000000000E+000
   0.000000000000000E+000
   0.000000000000000E+000
   0.000000000000000E+000
   0.000000000000000E+000
   0.000000000000000E+000
   7.427912136037289E-001
   0.000000000000000E+000
   0.000000000000000E+000
   0.000000000000000E+000
   0.000000000000000E+000
   0.000000000000000E+000
   0.000000000000000E+000
   0.000000000000000E+000
   0.000000000000000E+000
   0.000000000000000E+000
   0.000000000000000E+000
   1.986148570182758E-001
   0.000000000000000E+000
   0.000000000000000E+000
   0.000000000000000E+000
       -1.573853146031388
   5.824078380147270E-001
   0.000000000000000E+000
   0.000000000000000E+000
   0.000000000000000E+000
   0.000000000000000E+000
   0.000000000000000E+000
   0.000000000000000E+000
   0.000000000000000E+000
   0.000000000000000E+000
   0.000000000000000E+000
   0.000000000000000E+000
   0.000000000000000E+000
   0.000000000000000E+000
   7.427912136037289E-001
   0.000000000000000E+000
   0.000000000000000E+000
   0.000000000000000E+000
   0.000000000000000E+000
   0.000000000000000E+000
   0.000000000000000E+000
   0.000000000000000E+000
   0.000000000000000E+000
   0.000000000000000E+000
  -1.154349963608956E-001
   0.000000000000000E+000
   0.000000000000000E+000
   0.000000000000000E+000
       -1.573853146031388
       -1.256090743009033
   0.000000000000000E+000
   0.000000000000000E+000
   0.000000000000000E+000
   0.000000000000000E+000
   0.000000000000000E+000
   0.000000000000000E+000
   0.000000000000000E+000
   0.000000000000000E+000
   0.000000000000000E+000
   0.000000000000000E+000
   0.000000000000000E+000
   0.000000000000000E+000
   0.000000000000000E+000
   7.427912136037289E-001
   0.000000000000000E+000
   0.000000000000000E+000
   0.000000000000000E+000
   0.000000000000000E+000
   0.000000000000000E+000
   0.000000000000000E+000
   0.000000000000000E+000
   0.000000000000000E+000
  -3.147784569940908E-001
   0.000000000000000E+000
   0.000000000000000E+000
   0.000000000000000E+000
       -1.573853146031388
       -2.423079568404237
   0.000000000000000E+000
   0.000000000000000E+000
   0.000000000000000E+000
   0.000000000000000E+000
   0.000000000000000E+000
   0.000000000000000E+000
   0.000000000000000E+000
   0.000000000000000E+000
   0.000000000000000E+000
   0.000000000000000E+000
   0.000000000000000E+000
   0.000000000000000E+000
   0.000000000000000E+000
   0.000000000000000E+000
   8.269373538862623E-001
   0.000000000000000E+000
   0.000000000000000E+000
   0.000000000000000E+000
   0.000000000000000E+000
   0.000000000000000E+000
   0.000000000000000E+000
   0.000000000000000E+000
   0.000000000000000E+000
   2.087467755223822E-001
   0.000000000000000E+000
   0.000000000000000E+000
       -1.321788969107098
   4.345107648219510E-001
   0.000000000000000E+000
   0.000000000000000E+000
   0.000000000000000E+000
   0.000000000000000E+000
   0.000000000000000E+000
   0.000000000000000E+000
   0.000000000000000E+000
   0.000000000000000E+000
   0.000000000000000E+000
   0.000000000000000E+000
   0.000000000000000E+000
   0.000000000000000E+000
   0.000000000000000E+000
   0.000000000000000E+000
   0.000000000000000E+000
   8.269373538862623E-001
   0.000000000000000E+000
   0.000000000000000E+000
   0.000000000000000E+000
   0.000000000000000E+000
   0.000000000000000E+000
   0.000000000000000E+000
   0.000000000000000E+000
   1.695578163417767E-002
   0.000000000000000E+000
   0.000000000000000E+000
       -1.321788969107098
  -4.124922930826937E-001
   0.000000000000000E+000
   0.000000000000000E+000
   0.000000000000000E+000
   0.000000000000000E+000
   0.000000000000000E+000
   0.000000000000000E+000
   0.000000000000000E+000
   0.000000000000000E+000
   0.000000000000000E+000
   0.000000000000000E+000
   0.000000000000000E+000
   0.000000000000000E+000
   0.000000000000000E+000
   0.000000000000000E+000
   0.000000000000000E+000
   0.000000000000000E+000
   8.269373538862623E-001
   0.000000000000000E+000
   0.000000000000000E+000
   0.000000000000000E+000
   0.000000000000000E+000
   0.000000000000000E+000
   0.000000000000000E+000
  -1.380919565569350E-001
   0.000000000000000E+000
   0.000000000000000E+000
       -1.321788969107098
       -1.097226782991127
   0.000000000000000E+000
   0.000000000000000E+000
   0.000000000000000E+000
   0.000000000000000E+000
   0.000000000000000E+000
   0.000000000000000E+000
   0.000000000000000E+000
   0.000000000000000E+000
   0.000000000000000E+000
   0.000000000000000E+000
   0.000000000000000E+000
   0.000000000000000E+000
   0.000000000000000E+000
   0.000000000000000E+000
   0.000000000000000E+000
   0.000000000000000E+000
   0.000000000000000E+000
   9.231886059571215E-001
   0.000000000000000E+000
   0.000000000000000E+000
   0.000000000000000E+000
   0.000000000000000E+000
   0.000000000000000E+000
   0.000000000000000E+000
   3.312705391184489E-001
   0.000000000000000E+000
  -9.034879980597904E-001
   5.626034368765428E-001
   0.000000000000000E+000
   0.000000000000000E+000
   0.000000000000000E+000
   0.000000000000000E+000
   0.000000000000000E+000
   0.000000000000000E+000
   0.000000000000000E+000
   0.000000000000000E+000
   0.000000000000000E+000
   0.000000000000000E+000
   0.000000000000000E+000
   0.000000000000000E+000
   0.000000000000000E+000
   0.000000000000000E+000
   0.000000000000000E+000
   0.000000000000000E+000
   0.000000000000000E+000
   0.000000000000000E+000
   9.231886059571215E-001
   0.000000000000000E+000
   0.000000000000000E+000
   0.000000000000000E+000
   0.000000000000000E+000
   0.000000000000000E+000
   2.803320011443965E-001
   0.000000000000000E+000
  -9.034879980597904E-001
   4.248680024404505E-001
   0.000000000000000E+000
   0.000000000000000E+000
   0.000000000000000E+000
   0.000000000000000E+000
   0.000000000000000E+000
   0.000000000000000E+000
   0.000000000000000E+000
   0.000000000000000E+000
   0.000000000000000E+000
   0.000000000000000E+000
   0.000000000000000E+000
   0.000000000000000E+000
   0.000000000000000E+000
   0.000000000000000E+000
   0.000000000000000E+000
   0.000000000000000E+000
   0.000000000000000E+000
   0.000000000000000E+000
   0.000000000000000E+000
   9.231886059571215E-001
   0.000000000000000E+000
   0.000000000000000E+000
   0.000000000000000E+000
   0.000000000000000E+000
   1.622266035945467E-001
   0.000000000000000E+000
  -9.034879980597904E-001
   1.055165077222012E-001
   0.000000000000000E+000
   0.000000000000000E+000
   0.000000000000000E+000
   0.000000000000000E+000
   0.000000000000000E+000
   0.000000000000000E+000
   0.000000000000000E+000
   0.000000000000000E+000
   0.000000000000000E+000
   0.000000000000000E+000
   0.000000000000000E+000
   0.000000000000000E+000
   0.000000000000000E+000
   0.000000000000000E+000
   0.000000000000000E+000
   0.000000000000000E+000
   0.000000000000000E+000
   0.000000000000000E+000
   0.000000000000000E+000
   0.000000000000000E+000
   7.054709733163841E-002
   0.000000000000000E+000
   0.000000000000000E+000
   0.000000000000000E+000
   0.000000000000000E+000
   0.000000000000000E+000
   0.000000000000000E+000
        1.007474453102337
   0.000000000000000E+000
   0.000000000000000E+000
   0.000000000000000E+000
   0.000000000000000E+000
   0.000000000000000E+000
   0.000000000000000E+000
   0.000000000000000E+000
   0.000000000000000E+000
   0.000000000000000E+000
   0.000000000000000E+000
   0.000000000000000E+000
   0.000000000000000E+000
   0.000000000000000E+000
   0.000000000000000E+000
   0.000000000000000E+000
   0.000000000000000E+000
   0.000000000000000E+000
   0.000000000000000E+000
   0.000000000000000E+000
   0.000000000000000E+000
   0.000000000000000E+000
   1.108891019637958E-001
   0.000000000000000E+000
   0.000000000000000E+000
   0.000000000000000E+000
   0.000000000000000E+000
   0.000000000000000E+000
   8.481524674329313E-001
   0.000000000000000E+000
   0.000000000000000E+000
   0.000000000000000E+000
   0.000000000000000E+000
   0.000000000000000E+000
   0.000000000000000E+000
   0.000000000000000E+000
   0.000000000000000E+000
   0.000000000000000E+000
   0.000000000000000E+000
   0.000000000000000E+000
   0.000000000000000E+000
   0.000000000000000E+000
   0.000000000000000E+000
   0.000000000000000E+000
   0.000000000000000E+000
   0.000000000000000E+000
   0.000000000000000E+000
   0.000000000000000E+000
   0.000000000000000E+000
   8.781729133876086E-002
   1.870323450974871E-001
   0.000000000000000E+000
   0.000000000000000E+000
   0.000000000000000E+000
   0.000000000000000E+000
   0.000000000000000E+000
        1.179252879236887
   0.000000000000000E+000
   0.000000000000000E+000
   0.000000000000000E+000
   0.000000000000000E+000
   0.000000000000000E+000
   0.000000000000000E+000
   0.000000000000000E+000
   0.000000000000000E+000
   0.000000000000000E+000
   0.000000000000000E+000
   0.000000000000000E+000
   0.000000000000000E+000
   0.000000000000000E+000
   0.000000000000000E+000
   0.000000000000000E+000
   0.000000000000000E+000
   0.000000000000000E+000
   0.000000000000000E+000
   0.000000000000000E+000
   0.000000000000000E+000
   0.000000000000000E+000
   0.000000000000000E+000
   6.824705004348416E-002
   0.000000000000000E+000
   0.000000000000000E+000
   0.000000000000000E+000
   0.000000000000000E+000
        1.012693463493340
   0.000000000000000E+000
   0.000000000000000E+000
   0.000000000000000E+000
   0.000000000000000E+000
   0.000000000000000E+000
   0.000000000000000E+000
   0.000000000000000E+000
   0.000000000000000E+000
   0.000000000000000E+000
   0.000000000000000E+000
   0.000000000000000E+000
   0.000000000000000E+000
   0.000000000000000E+000
   0.000000000000000E+000
   0.000000000000000E+000
   0.000000000000000E+000
   0.000000000000000E+000
   0.000000000000000E+000
   0.000000000000000E+000
   0.000000000000000E+000
   1.206597704018640E-001
   0.000000000000000E+000
   1.151096508995614E-001
   0.000000000000000E+000
   0.000000000000000E+000
   0.000000000000000E+000
   0.000000000000000E+000
        1.362797619022742
   0.000000000000000E+000
   0.000000000000000E+000
   0.000000000000000E+000
   0.000000000000000E+000
   0.000000000000000E+000
   0.000000000000000E+000
   0.000000000000000E+000
   0.000000000000000E+000
   0.000000000000000E+000
   0.000000000000000E+000
   0.000000000000000E+000
   0.000000000000000E+000
   0.000000000000000E+000
   0.000000000000000E+000
   0.000000000000000E+000
   0.000000000000000E+000
   0.000000000000000E+000
   0.000000000000000E+000
   0.000000000000000E+000
   0.000000000000000E+000
   0.000000000000000E+000
   1.896584563943496E-001
   8.495418384835268E-002
   0.000000000000000E+000
   0.000000000000000E+000
   0.000000000000000E+000
   0.000000000000000E+000
        1.184698486454529
   0.000000000000000E+000
   0.000000000000000E+000
   0.000000000000000E+000
   0.000000000000000E+000
   0.000000000000000E+000
   0.000000000000000E+000
   0.000000000000000E+000
   0.000000000000000E+000
   0.000000000000000E+000
   0.000000000000000E+000
   0.000000000000000E+000
   0.000000000000000E+000
   0.000000000000000E+000
   0.000000000000000E+000
   0.000000000000000E+000
   0.000000000000000E+000
   0.000000000000000E+000
   0.000000000000000E+000
   0.000000000000000E+000
   0.000000000000000E+000
   0.000000000000000E+000
   0.000000000000000E+000
   0.000000000000000E+000
   9.416758665725566E-002
   0.000000000000000E+000
   0.000000000000000E+000
   0.000000000000000E+000
   9.308320313891474E-001
   0.000000000000000E+000
   0.000000000000000E+000
   0.000000000000000E+000
   0.000000000000000E+000
   0.000000000000000E+000
   0.000000000000000E+000
   0.000000000000000E+000
   0.000000000000000E+000
   0.000000000000000E+000
   0.000000000000000E+000
   0.000000000000000E+000
   0.000000000000000E+000
   0.000000000000000E+000
   0.000000000000000E+000
   0.000000000000000E+000
   0.000000000000000E+000
   0.000000000000000E+000
   0.000000000000000E+000
   0.000000000000000E+000
   0.000000000000000E+000
   1.013352191939502E-001
   0.000000000000000E+000
   0.000000000000000E+000
   1.588288141284401E-001
   0.000000000000000E+000
   0.000000000000000E+000
   0.000000000000000E+000
        1.280023156575381
   0.000000000000000E+000
   0.000000000000000E+000
   0.000000000000000E+000
   0.000000000000000E+000
   0.000000000000000E+000
   0.000000000000000E+000
   0.000000000000000E+000
   0.000000000000000E+000
   0.000000000000000E+000
   0.000000000000000E+000
   0.000000000000000E+000
   0.000000000000000E+000
   0.000000000000000E+000
   0.000000000000000E+000
   0.000000000000000E+000
   0.000000000000000E+000
   0.000000000000000E+000
   0.000000000000000E+000
   0.000000000000000E+000
   0.000000000000000E+000
   0.000000000000000E+000
   1.592832572670864E-001
   0.000000000000000E+000
   1.172201650377410E-001
   0.000000000000000E+000
   0.000000000000000E+000
   0.000000000000000E+000
        1.094953995513400
   0.000000000000000E+000
   0.000000000000000E+000
   0.000000000000000E+000
   0.000000000000000E+000
   0.000000000000000E+000
   0.000000000000000E+000
   0.000000000000000E+000
   0.000000000000000E+000
   0.000000000000000E+000
   0.000000000000000E+000
   0.000000000000000E+000
   0.000000000000000E+000
   0.000000000000000E+000
   0.000000000000000E+000
   0.000000000000000E+000
   0.000000000000000E+000
   0.000000000000000E+000
   0.000000000000000E+000
   0.000000000000000E+000
   0.000000000000000E+000
   0.000000000000000E+000
   0.000000000000000E+000
   9.803138664920522E-002
   1.610589211339025E-001
   0.000000000000000E+000
   0.000000000000000E+000
   0.000000000000000E+000
        1.285173143024211
   0.000000000000000E+000
   0.000000000000000E+000
   0.000000000000000E+000
   0.000000000000000E+000
   0.000000000000000E+000
   0.000000000000000E+000
   0.000000000000000E+000
   0.000000000000000E+000
   0.000000000000000E+000
   0.000000000000000E+000
   0.000000000000000E+000
   0.000000000000000E+000
   0.000000000000000E+000
   0.000000000000000E+000
   0.000000000000000E+000
   0.000000000000000E+000
   0.000000000000000E+000
   0.000000000000000E+000
   0.000000000000000E+000
   0.000000000000000E+000
   0.000000000000000E+000
   0.000000000000000E+000
   0.000000000000000E+000
   0.000000000000000E+000
   1.310252260175838E-001
   0.000000000000000E+000
   0.000000000000000E+000
   7.062798784918494E-001
   0.000000000000000E+000
   0.000000000000000E+000
   0.000000000000000E+000
   0.000000000000000E+000
   0.000000000000000E+000
   0.000000000000000E+000
   0.000000000000000E+000
   0.000000000000000E+000
   0.000000000000000E+000
   0.000000000000000E+000
   0.000000000000000E+000
   0.000000000000000E+000
   0.000000000000000E+000
   0.000000000000000E+000
   0.000000000000000E+000
   0.000000000000000E+000
   0.000000000000000E+000
   0.000000000000000E+000
   0.000000000000000E+000
   0.000000000000000E+000
   6.926609047459367E-002
   0.000000000000000E+000
   0.000000000000000E+000
   0.000000000000000E+000
   2.209951641325215E-001
   0.000000000000000E+000
   0.000000000000000E+000
   9.930469519304448E-001
   0.000000000000000E+000
   0.000000000000000E+000
   0.000000000000000E+000
   0.000000000000000E+000
   0.000000000000000E+000
   0.000000000000000E+000
   0.000000000000000E+000
   0.000000000000000E+000
   0.000000000000000E+000
   0.000000000000000E+000
   0.000000000000000E+000
   0.000000000000000E+000
   0.000000000000000E+000
   0.000000000000000E+000
   0.000000000000000E+000
   0.000000000000000E+000
   0.000000000000000E+000
   0.000000000000000E+000
   0.000000000000000E+000
   0.000000000000000E+000
   0.000000000000000E+000
   1.088755577449687E-001
   0.000000000000000E+000
   0.000000000000000E+000
   1.631006927446311E-001
   0.000000000000000E+000
   0.000000000000000E+000
   8.356050760171312E-001
   0.000000000000000E+000
   0.000000000000000E+000
   0.000000000000000E+000
   0.000000000000000E+000
   0.000000000000000E+000
   0.000000000000000E+000
   0.000000000000000E+000
   0.000000000000000E+000
   0.000000000000000E+000
   0.000000000000000E+000
   0.000000000000000E+000
   0.000000000000000E+000
   0.000000000000000E+000
   0.000000000000000E+000
   0.000000000000000E+000
   0.000000000000000E+000
   0.000000000000000E+000
   0.000000000000000E+000
   0.000000000000000E+000
   0.000000000000000E+000
   0.000000000000000E+000
   0.000000000000000E+000
   6.700780785797229E-002
   0.000000000000000E+000
   2.240981455808796E-001
   0.000000000000000E+000
   0.000000000000000E+000
   9.982254825236558E-001
   0.000000000000000E+000
   0.000000000000000E+000
   0.000000000000000E+000
   0.000000000000000E+000
   0.000000000000000E+000
   0.000000000000000E+000
   0.000000000000000E+000
   0.000000000000000E+000
   0.000000000000000E+000
   0.000000000000000E+000
   0.000000000000000E+000
   0.000000000000000E+000
   0.000000000000000E+000
   0.000000000000000E+000
   0.000000000000000E+000
   0.000000000000000E+000
   0.000000000000000E+000
   0.000000000000000E+000
   0.000000000000000E+000
   0.000000000000000E+000
   0.000000000000000E+000
   0.000000000000000E+000
   0.000000000000000E+000
   9.245767471499353E-002
   1.882071764910750E-001
   0.000000000000000E+000
   0.000000000000000E+000
   9.172225778126120E-001
   0.000000000000000E+000
   0.000000000000000E+000
   9.140377713906094E-001
   0.000000000000000E+000
   0.000000000000000E+000
   0.000000000000000E+000
   0.000000000000000E+000
   0.000000000000000E+000
   0.000000000000000E+000
   0.000000000000000E+000
   0.000000000000000E+000
   0.000000000000000E+000
   0.000000000000000E+000
   0.000000000000000E+000
   0.000000000000000E+000
   0.000000000000000E+000
   0.000000000000000E+000
   0.000000000000000E+000
   0.000000000000000E+000
   0.000000000000000E+000
   0.000000000000000E+000
   0.000000000000000E+000
   0.000000000000000E+000
   0.000000000000000E+000
   0.000000000000000E+000
   0.000000000000000E+000
   0.000000000000000E+000
   0.000000000000000E+000
  -9.140377713906094E-001
  -1.242259479226840E-001
   0.000000000000000E+000
   9.140377713906094E-001
   0.000000000000000E+000
   0.000000000000000E+000
   0.000000000000000E+000
   0.000000000000000E+000
   0.000000000000000E+000
   0.000000000000000E+000
   0.000000000000000E+000
   0.000000000000000E+000
   0.000000000000000E+000
   0.000000000000000E+000
   0.000000000000000E+000
   0.000000000000000E+000
   0.000000000000000E+000
   0.000000000000000E+000
   0.000000000000000E+000
   0.000000000000000E+000
   0.000000000000000E+000
   0.000000000000000E+000
   0.000000000000000E+000
   0.000000000000000E+000
   0.000000000000000E+000
   0.000000000000000E+000
   0.000000000000000E+000
   0.000000000000000E+000
  -9.140377713906094E-001
  -2.719987968662319E-001
   0.000000000000000E+000
   0.000000000000000E+000
   9.140377713906094E-001
   0.000000000000000E+000
   0.000000000000000E+000
   0.000000000000000E+000
   0.000000000000000E+000
   0.000000000000000E+000
   0.000000000000000E+000
   0.000000000000000E+000
   0.000000000000000E+000
   0.000000000000000E+000
   0.000000000000000E+000
   0.000000000000000E+000
   0.000000000000000E+000
   0.000000000000000E+000
   0.000000000000000E+000
   0.000000000000000E+000
   0.000000000000000E+000
   0.000000000000000E+000
   0.000000000000000E+000
   0.000000000000000E+000
   0.000000000000000E+000
   0.000000000000000E+000
   0.000000000000000E+000
   0.000000000000000E+000
  -9.140377713906094E-001
  -4.940502099798683E-001
   0.000000000000000E+000
   0.000000000000000E+000
   0.000000000000000E+000
   7.370014100021088E-001
   0.000000000000000E+000
   0.000000000000000E+000
   0.000000000000000E+000
   0.000000000000000E+000
   0.000000000000000E+000
   0.000000000000000E+000
   0.000000000000000E+000
   0.000000000000000E+000
   0.000000000000000E+000
   0.000000000000000E+000
   0.000000000000000E+000
   0.000000000000000E+000
   0.000000000000000E+000
   0.000000000000000E+000
   3.117203849938019E-001
   0.000000000000000E+000
   0.000000000000000E+000
   0.000000000000000E+000
   0.000000000000000E+000
   0.000000000000000E+000
   0.000000000000000E+000
   0.000000000000000E+000
       -1.523041907013503
        1.913270537606123
   0.000000000000000E+000
   0.000000000000000E+000
   0.000000000000000E+000
   0.000000000000000E+000
   7.370014100021088E-001
   0.000000000000000E+000
   0.000000000000000E+000
   0.000000000000000E+000
   0.000000000000000E+000
   0.000000000000000E+000
   0.000000000000000E+000
   0.000000000000000E+000
   0.000000000000000E+000
   0.000000000000000E+000
   0.000000000000000E+000
   0.000000000000000E+000
   0.000000000000000E+000
   0.000000000000000E+000
  -6.552673649592326E-003
   0.000000000000000E+000
   0.000000000000000E+000
   0.000000000000000E+000
   0.000000000000000E+000
   0.000000000000000E+000
   0.000000000000000E+000
   0.000000000000000E+000
       -1.523041907013503
   2.433971941236628E-001
   0.000000000000000E+000
   0.000000000000000E+000
   0.000000000000000E+000
   0.000000000000000E+000
   0.000000000000000E+000
   7.370014100021088E-001
   0.000000000000000E+000
   0.000000000000000E+000
   0.000000000000000E+000
   0.000000000000000E+000
   0.000000000000000E+000
   0.000000000000000E+000
   0.000000000000000E+000
   0.000000000000000E+000
   0.000000000000000E+000
   0.000000000000000E+000
   0.000000000000000E+000
   0.000000000000000E+000
  -3.052039841254901E-001
   0.000000000000000E+000
   0.000000000000000E+000
   0.000000000000000E+000
   0.000000000000000E+000
   0.000000000000000E+000
   0.000000000000000E+000
   0.000000000000000E+000
       -1.523041907013503
       -1.323527334410121
   0.000000000000000E+000
   0.000000000000000E+000
   0.000000000000000E+000
   0.000000000000000E+000
   0.000000000000000E+000
   0.000000000000000E+000
   8.642353947736227E-001
   0.000000000000000E+000
   0.000000000000000E+000
   0.000000000000000E+000
   0.000000000000000E+000
   0.000000000000000E+000
   0.000000000000000E+000
   0.000000000000000E+000
   0.000000000000000E+000
   0.000000000000000E+000
   0.000000000000000E+000
   0.000000000000000E+000
   0.000000000000000E+000
   4.320280942078797E-001
   0.000000000000000E+000
   0.000000000000000E+000
   0.000000000000000E+000
   0.000000000000000E+000
   0.000000000000000E+000
   0.000000000000000E+000
       -1.133649270579993
        1.645552831870682
   0.000000000000000E+000
   0.000000000000000E+000
   0.000000000000000E+000
   0.000000000000000E+000
   0.000000000000000E+000
   0.000000000000000E+000
   0.000000000000000E+000
   8.642353947736227E-001
   0.000000000000000E+000
   0.000000000000000E+000
   0.000000000000000E+000
   0.000000000000000E+000
   0.000000000000000E+000
   0.000000000000000E+000
   0.000000000000000E+000
   0.000000000000000E+000
   0.000000000000000E+000
   0.000000000000000E+000
   0.000000000000000E+000
   1.939520962249752E-001
   0.000000000000000E+000
   0.000000000000000E+000
   0.000000000000000E+000
   0.000000000000000E+000
   0.000000000000000E+000
   0.000000000000000E+000
       -1.133649270579993
   8.526820803722914E-001
   0.000000000000000E+000
   0.000000000000000E+000
   0.000000000000000E+000
   0.000000000000000E+000
   0.000000000000000E+000
   0.000000000000000E+000
   0.000000000000000E+000
   0.000000000000000E+000
   8.642353947736227E-001
   0.000000000000000E+000
   0.000000000000000E+000
   0.000000000000000E+000
   0.000000000000000E+000
   0.000000000000000E+000
   0.000000000000000E+000
   0.000000000000000E+000
   0.000000000000000E+000
   0.000000000000000E+000
   0.000000000000000E+000
  -9.096055099946002E-002
   0.000000000000000E+000
   0.000000000000000E+000
   0.000000000000000E+000
   0.000000000000000E+000
   0.000000000000000E+000
   0.000000000000000E+000
       -1.133649270579993
  -9.616999472204371E-002
   0.000000000000000E+000
   0.000000000000000E+000
   0.000000000000000E+000
   0.000000000000000E+000
   0.000000000000000E+000
   0.000000000000000E+000
   0.000000000000000E+000
   0.000000000000000E+000
   0.000000000000000E+000
   7.285217749680304E-001
   0.000000000000000E+000
   0.000000000000000E+000
   0.000000000000000E+000
   0.000000000000000E+000
   0.000000000000000E+000
   0.000000000000000E+000
   0.000000000000000E+000
   0.000000000000000E+000
   0.000000000000000E+000
   0.000000000000000E+000
   1.199919790262218E-001
   0.000000000000000E+000
   0.000000000000000E+000
   0.000000000000000E+000
   0.000000000000000E+000
   0.000000000000000E+000
       -1.543618538408691
   9.270201254237560E-001
   0.000000000000000E+000
   0.000000000000000E+000
   0.000000000000000E+000
   0.000000000000000E+000
   0.000000000000000E+000
   0.000000000000000E+000
   0.000000000000000E+000
   0.000000000000000E+000
   0.000000000000000E+000
   0.000000000000000E+000
   7.285217749680304E-001
   0.000000000000000E+000
   0.000000000000000E+000
   0.000000000000000E+000
   0.000000000000000E+000
   0.000000000000000E+000
   0.000000000000000E+000
   0.000000000000000E+000
   0.000000000000000E+000
   0.000000000000000E+000
  -2.024511063129406E-001
   0.000000000000000E+000
   0.000000000000000E+000
   0.000000000000000E+000
   0.000000000000000E+000
   0.000000000000000E+000
       -1.543618538408691
  -8.075451043404889E-001
   0.000000000000000E+000
   0.000000000000000E+000
   0.000000000000000E+000
   0.000000000000000E+000
   0.000000000000000E+000
   0.000000000000000E+000
   0.000000000000000E+000
   0.000000000000000E+000
   0.000000000000000E+000
   0.000000000000000E+000
   0.000000000000000E+000
   7.285217749680304E-001
   0.000000000000000E+000
   0.000000000000000E+000
   0.000000000000000E+000
   0.000000000000000E+000
   0.000000000000000E+000
   0.000000000000000E+000
   0.000000000000000E+000
   0.000000000000000E+000
  -4.071221793834570E-001
   0.000000000000000E+000
   0.000000000000000E+000
   0.000000000000000E+000
   0.000000000000000E+000
   0.000000000000000E+000
       -1.543618538408691
       -1.908562130378529
   0.000000000000000E+000
   0.000000000000000E+000
   0.000000000000000E+000
   0.000000000000000E+000
   0.000000000000000E+000
   0.000000000000000E+000
   0.000000000000000E+000
   0.000000000000000E+000
   0.000000000000000E+000
   0.000000000000000E+000
   0.000000000000000E+000
   0.000000000000000E+000
   8.156370134709979E-001
   0.000000000000000E+000
   0.000000000000000E+000
   0.000000000000000E+000
   0.000000000000000E+000
   0.000000000000000E+000
   0.000000000000000E+000
   0.000000000000000E+000
   0.000000000000000E+000
   1.001977855842720E-001
   0.000000000000000E+000
   0.000000000000000E+000
   0.000000000000000E+000
   0.000000000000000E+000
       -1.303726336867962
   6.443965611351304E-001
   0.000000000000000E+000
   0.000000000000000E+000
   0.000000000000000E+000
   0.000000000000000E+000
   0.000000000000000E+000
   0.000000000000000E+000
   0.000000000000000E+000
   0.000000000000000E+000
   0.000000000000000E+000
   0.000000000000000E+000
   0.000000000000000E+000
   0.000000000000000E+000
   0.000000000000000E+000
   8.156370134709979E-001
   0.000000000000000E+000
   0.000000000000000E+000
   0.000000000000000E+000
   0.000000000000000E+000
   0.000000000000000E+000
   0.000000000000000E+000
   0.000000000000000E+000
  -1.000779301807958E-001
   0.000000000000000E+000
   0.000000000000000E+000
   0.000000000000000E+000
   0.000000000000000E+000
       -1.303726336867962
  -1.683552115524154E-001
   0.000000000000000E+000
   0.000000000000000E+000
   0.000000000000000E+000
   0.000000000000000E+000
   0.000000000000000E+000
   0.000000000000000E+000
   0.000000000000000E+000
   0.000000000000000E+000
   0.000000000000000E+000
   0.000000000000000E+000
   0.000000000000000E+000
   0.000000000000000E+000
   0.000000000000000E+000
   0.000000000000000E+000
   8.156370134709979E-001
   0.000000000000000E+000
   0.000000000000000E+000
   0.000000000000000E+000
   0.000000000000000E+000
   0.000000000000000E+000
   0.000000000000000E+000
  -2.619848900147930E-001
   0.000000000000000E+000
   0.000000000000000E+000
   0.000000000000000E+000
   0.000000000000000E+000
       -1.303726336867962
  -8.254002662304055E-001
   0.000000000000000E+000
   0.000000000000000E+000
   0.000000000000000E+000
   0.000000000000000E+000
   0.000000000000000E+000
   0.000000000000000E+000
   0.000000000000000E+000
   0.000000000000000E+000
   0.000000000000000E+000
   0.000000000000000E+000
   0.000000000000000E+000
   0.000000000000000E+000
   0.000000000000000E+000
   0.000000000000000E+000
   0.000000000000000E+000
   9.172294773214815E-001
   0.000000000000000E+000
   0.000000000000000E+000
   0.000000000000000E+000
   0.000000000000000E+000
   0.000000000000000E+000
   0.000000000000000E+000
   1.860623269171767E-001
   0.000000000000000E+000
   0.000000000000000E+000
   0.000000000000000E+000
  -8.976560356997121E-001
   6.260242253747649E-001
   0.000000000000000E+000
   0.000000000000000E+000
   0.000000000000000E+000
   0.000000000000000E+000
   0.000000000000000E+000
   0.000000000000000E+000
   0.000000000000000E+000
   0.000000000000000E+000
   0.000000000000000E+000
   0.000000000000000E+000
   0.000000000000000E+000
   0.000000000000000E+000
   0.000000000000000E+000
   0.000000000000000E+000
   0.000000000000000E+000
   0.000000000000000E+000
   9.172294773214815E-001
   0.000000000000000E+000
   0.000000000000000E+000
   0.000000000000000E+000
   0.000000000000000E+000
   0.000000000000000E+000
   1.316952085978172E-001
   0.000000000000000E+000
   0.000000000000000E+000
   0.000000000000000E+000
  -8.976560356997121E-001
   4.909388338173247E-001
   0.000000000000000E+000
   0.000000000000000E+000
   0.000000000000000E+000
   0.000000000000000E+000
   0.000000000000000E+000
   0.000000000000000E+000
   0.000000000000000E+000
   0.000000000000000E+000
   0.000000000000000E+000
   0.000000000000000E+000
   0.000000000000000E+000
   0.000000000000000E+000
   0.000000000000000E+000
   0.000000000000000E+000
   0.000000000000000E+000
   0.000000000000000E+000
   0.000000000000000E+000
   9.172294773214815E-001
   0.000000000000000E+000
   0.000000000000000E+000
   0.000000000000000E+000
   0.000000000000000E+000
   5.640351546001413E-003
   0.000000000000000E+000
   0.000000000000000E+000
   0.000000000000000E+000
  -8.976560356997121E-001
   1.777316922775425E-001
   0.000000000000000E+000
   0.000000000000000E+000
   0.000000000000000E+000
   0.000000000000000E+000
   0.000000000000000E+000
   0.000000000000000E+000
   0.000000000000000E+000
   0.000000000000000E+000
   0.000000000000000E+000
   0.000000000000000E+000
   0.000000000000000E+000
   0.000000000000000E+000
   0.000000000000000E+000
   0.000000000000000E+000
   0.000000000000000E+000
   0.000000000000000E+000
   0.000000000000000E+000
   0.000000000000000E+000
   7.206078412247736E-002
   0.000000000000000E+000
   0.000000000000000E+000
   0.000000000000000E+000
   0.000000000000000E+000
   0.000000000000000E+000
   0.000000000000000E+000
   0.000000000000000E+000
   0.000000000000000E+000
   9.596119662458161E-001
   0.000000000000000E+000
   0.000000000000000E+000
   0.000000000000000E+000
   0.000000000000000E+000
   0.000000000000000E+000
   0.000000000000000E+000
   0.000000000000000E+000
   0.000000000000000E+000
   0.000000000000000E+000
   0.000000000000000E+000
   0.000000000000000E+000
   0.000000000000000E+000
   0.000000000000000E+000
   0.000000000000000E+000
   0.000000000000000E+000
   0.000000000000000E+000
   0.000000000000000E+000
   0.000000000000000E+000
   0.000000000000000E+000
   1.161957313975287E-001
   0.000000000000000E+000
   0.000000000000000E+000
   0.000000000000000E+000
   0.000000000000000E+000
   0.000000000000000E+000
   0.000000000000000E+000
   0.000000000000000E+000
   8.198234085714569E-001
   0.000000000000000E+000
   0.000000000000000E+000
   0.000000000000000E+000
   0.000000000000000E+000
   0.000000000000000E+000
   0.000000000000000E+000
   0.000000000000000E+000
   0.000000000000000E+000
   0.000000000000000E+000
   0.000000000000000E+000
   0.000000000000000E+000
   0.000000000000000E+000
   0.000000000000000E+000
   0.000000000000000E+000
   0.000000000000000E+000
   0.000000000000000E+000
   0.000000000000000E+000
   0.000000000000000E+000
   8.937448529461076E-002
   1.936145024568063E-001
   0.000000000000000E+000
   0.000000000000000E+000
   0.000000000000000E+000
   0.000000000000000E+000
   0.000000000000000E+000
   0.000000000000000E+000
   0.000000000000000E+000
        1.113717792961659
   0.000000000000000E+000
   0.000000000000000E+000
   0.000000000000000E+000
   0.000000000000000E+000
   0.000000000000000E+000
   0.000000000000000E+000
   0.000000000000000E+000
   0.000000000000000E+000
   0.000000000000000E+000
   0.000000000000000E+000
   0.000000000000000E+000
   0.000000000000000E+000
   0.000000000000000E+000
   0.000000000000000E+000
   0.000000000000000E+000
   0.000000000000000E+000
   0.000000000000000E+000
   0.000000000000000E+000
   0.000000000000000E+000
   0.000000000000000E+000
   6.960198706499390E-002
   0.000000000000000E+000
   0.000000000000000E+000
   0.000000000000000E+000
   0.000000000000000E+000
   0.000000000000000E+000
   0.000000000000000E+000
   9.638096768327171E-001
   0.000000000000000E+000
   0.000000000000000E+000
   0.000000000000000E+000
   0.000000000000000E+000
   0.000000000000000E+000
   0.000000000000000E+000
   0.000000000000000E+000
   0.000000000000000E+000
   0.000000000000000E+000
   0.000000000000000E+000
   0.000000000000000E+000
   0.000000000000000E+000
   0.000000000000000E+000
   0.000000000000000E+000
   0.000000000000000E+000
   0.000000000000000E+000
   0.000000000000000E+000
   0.000000000000000E+000
   1.216955860527423E-001
   0.000000000000000E+000
   1.159763266129798E-001
   0.000000000000000E+000
   0.000000000000000E+000
   0.000000000000000E+000
   0.000000000000000E+000
   0.000000000000000E+000
   0.000000000000000E+000
        1.262384850222601
   0.000000000000000E+000
   0.000000000000000E+000
   0.000000000000000E+000
   0.000000000000000E+000
   0.000000000000000E+000
   0.000000000000000E+000
   0.000000000000000E+000
   0.000000000000000E+000
   0.000000000000000E+000
   0.000000000000000E+000
   0.000000000000000E+000
   0.000000000000000E+000
   0.000000000000000E+000
   0.000000000000000E+000
   0.000000000000000E+000
   0.000000000000000E+000
   0.000000000000000E+000
   0.000000000000000E+000
   0.000000000000000E+000
   1.962302770008097E-001
   8.632492478631841E-002
   0.000000000000000E+000
   0.000000000000000E+000
   0.000000000000000E+000
   0.000000000000000E+000
   0.000000000000000E+000
   0.000000000000000E+000
        1.117891135926206
   0.000000000000000E+000
   0.000000000000000E+000
   0.000000000000000E+000
   0.000000000000000E+000
   0.000000000000000E+000
   0.000000000000000E+000
   0.000000000000000E+000
   0.000000000000000E+000
   0.000000000000000E+000
   0.000000000000000E+000
   0.000000000000000E+000
   0.000000000000000E+000
   0.000000000000000E+000
   0.000000000000000E+000
   0.000000000000000E+000
   0.000000000000000E+000
   0.000000000000000E+000
   0.000000000000000E+000
   0.000000000000000E+000
   0.000000000000000E+000
   0.000000000000000E+000
   9.767531143463842E-002
   0.000000000000000E+000
   0.000000000000000E+000
   0.000000000000000E+000
   0.000000000000000E+000
   0.000000000000000E+000
   8.941755669396076E-001
   0.000000000000000E+000
   0.000000000000000E+000
   0.000000000000000E+000
   0.000000000000000E+000
   0.000000000000000E+000
   0.000000000000000E+000
   0.000000000000000E+000
   0.000000000000000E+000
   0.000000000000000E+000
   0.000000000000000E+000
   0.000000000000000E+000
   0.000000000000000E+000
   0.000000000000000E+000
   0.000000000000000E+000
   0.000000000000000E+000
   0.000000000000000E+000
   0.000000000000000E+000
   0.000000000000000E+000
   1.027829976576345E-001
   0.000000000000000E+000
   0.000000000000000E+000
   1.627543163443037E-001
   0.000000000000000E+000
   0.000000000000000E+000
   0.000000000000000E+000
   0.000000000000000E+000
   0.000000000000000E+000
        1.199752119083551
   0.000000000000000E+000
   0.000000000000000E+000
   0.000000000000000E+000
   0.000000000000000E+000
   0.000000000000000E+000
   0.000000000000000E+000
   0.000000000000000E+000
   0.000000000000000E+000
   0.000000000000000E+000
   0.000000000000000E+000
   0.000000000000000E+000
   0.000000000000000E+000
   0.000000000000000E+000
   0.000000000000000E+000
   0.000000000000000E+000
   0.000000000000000E+000
   0.000000000000000E+000
   0.000000000000000E+000
   0.000000000000000E+000
   1.657343273945037E-001
   0.000000000000000E+000
   1.211432930097500E-001
   0.000000000000000E+000
   0.000000000000000E+000
   0.000000000000000E+000
   0.000000000000000E+000
   0.000000000000000E+000
        1.043568779796688
   0.000000000000000E+000
   0.000000000000000E+000
   0.000000000000000E+000
   0.000000000000000E+000
   0.000000000000000E+000
   0.000000000000000E+000
   0.000000000000000E+000
   0.000000000000000E+000
   0.000000000000000E+000
   0.000000000000000E+000
   0.000000000000000E+000
   0.000000000000000E+000
   0.000000000000000E+000
   0.000000000000000E+000
   0.000000000000000E+000
   0.000000000000000E+000
   0.000000000000000E+000
   0.000000000000000E+000
   0.000000000000000E+000
   0.000000000000000E+000
   9.927592324431161E-002
   1.649531629813994E-001
   0.000000000000000E+000
   0.000000000000000E+000
   0.000000000000000E+000
   0.000000000000000E+000
   0.000000000000000E+000
        1.203456535667380
   0.000000000000000E+000
   0.000000000000000E+000
   0.000000000000000E+000
   0.000000000000000E+000
   0.000000000000000E+000
   0.000000000000000E+000
   0.000000000000000E+000
   0.000000000000000E+000
   0.000000000000000E+000
   0.000000000000000E+000
   0.000000000000000E+000
   0.000000000000000E+000
   0.000000000000000E+000
   0.000000000000000E+000
   0.000000000000000E+000
   0.000000000000000E+000
   0.000000000000000E+000
   0.000000000000000E+000
   0.000000000000000E+000
   0.000000000000000E+000
   0.000000000000000E+000
   0.000000000000000E+000
   1.389082491696412E-001
   0.000000000000000E+000
   0.000000000000000E+000
   0.000000000000000E+000
   0.000000000000000E+000
   6.878898204360872E-001
   0.000000000000000E+000
   0.000000000000000E+000
   0.000000000000000E+000
   0.000000000000000E+000
   0.000000000000000E+000
   0.000000000000000E+000
   0.000000000000000E+000
   0.000000000000000E+000
   0.000000000000000E+000
   0.000000000000000E+000
   0.000000000000000E+000
   0.000000000000000E+000
   0.000000000000000E+000
   0.000000000000000E+000
   0.000000000000000E+000
   0.000000000000000E+000
   0.000000000000000E+000
   0.000000000000000E+000
   7.076928309689365E-002
   0.000000000000000E+000
   0.000000000000000E+000
   0.000000000000000E+000
   2.314598929466194E-001
   0.000000000000000E+000
   0.000000000000000E+000
   0.000000000000000E+000
   0.000000000000000E+000
   9.464088888940752E-001
   0.000000000000000E+000
   0.000000000000000E+000
   0.000000000000000E+000
   0.000000000000000E+000
   0.000000000000000E+000
   0.000000000000000E+000
   0.000000000000000E+000
   0.000000000000000E+000
   0.000000000000000E+000
   0.000000000000000E+000
   0.000000000000000E+000
   0.000000000000000E+000
   0.000000000000000E+000
   0.000000000000000E+000
   0.000000000000000E+000
   0.000000000000000E+000
   0.000000000000000E+000
   0.000000000000000E+000
   0.000000000000000E+000
   1.141132269105764E-001
   0.000000000000000E+000
   0.000000000000000E+000
   1.722830721854406E-001
   0.000000000000000E+000
   0.000000000000000E+000
   0.000000000000000E+000
   0.000000000000000E+000
   8.081041661671096E-001
   0.000000000000000E+000
   0.000000000000000E+000
   0.000000000000000E+000
   0.000000000000000E+000
   0.000000000000000E+000
   0.000000000000000E+000
   0.000000000000000E+000
   0.000000000000000E+000
   0.000000000000000E+000
   0.000000000000000E+000
   0.000000000000000E+000
   0.000000000000000E+000
   0.000000000000000E+000
   0.000000000000000E+000
   0.000000000000000E+000
   0.000000000000000E+000
   0.000000000000000E+000
   0.000000000000000E+000
   0.000000000000000E+000
   0.000000000000000E+000
   6.835455354381097E-002
   0.000000000000000E+000
   2.345869670461571E-001
   0.000000000000000E+000
   0.000000000000000E+000
   0.000000000000000E+000
   0.000000000000000E+000
   9.505853459984008E-001
   0.000000000000000E+000
   0.000000000000000E+000
   0.000000000000000E+000
   0.000000000000000E+000
   0.000000000000000E+000
   0.000000000000000E+000
   0.000000000000000E+000
   0.000000000000000E+000
   0.000000000000000E+000
   0.000000000000000E+000
   0.000000000000000E+000
   0.000000000000000E+000
   0.000000000000000E+000
   0.000000000000000E+000
   0.000000000000000E+000
   0.000000000000000E+000
   0.000000000000000E+000
   0.000000000000000E+000
   0.000000000000000E+000
   0.000000000000000E+000
   0.000000000000000E+000
   9.592473702127044E-002
   1.981300428921629E-001
   0.000000000000000E+000
   0.000000000000000E+000
   0.000000000000000E+000
   0.000000000000000E+000
   8.815699265689603E-001
   2.315538650616328E-001
   0.000000000000000E+000
   1.971745194882210E-001
   0.000000000000000E+000
   0.000000000000000E+000
   1.156622216139146E-001
   0.000000000000000E+000
   0.000000000000000E+000
   0.000000000000000E+000
   6.742374211564253E-002
   0.000000000000000E+000
   0.000000000000000E+000
   0.000000000000000E+000
   0.000000000000000E+000
   1.510254473609525E-001
   0.000000000000000E+000
   0.000000000000000E+000
   0.000000000000000E+000
   0.000000000000000E+000
   0.000000000000000E+000
   7.737291184686457E-002
   0.000000000000000E+000
   0.000000000000000E+000
   0.000000000000000E+000
   0.000000000000000E+000
   0.000000000000000E+000
   0.000000000000000E+000
   3.320074857684577E-002
   0.000000000000000E+000
   0.000000000000000E+000
   0.000000000000000E+000
   0.000000000000000E+000
   0.000000000000000E+000
   0.000000000000000E+000
   0.000000000000000E+000
   1.368853146129313E-001
   0.000000000000000E+000
   0.000000000000000E+000
   0.000000000000000E+000
   0.000000000000000E+000
   0.000000000000000E+000
   0.000000000000000E+000
   0.000000000000000E+000
   0.000000000000000E+000
   1.896025254540417E-001
   0.000000000000000E+000
   0.000000000000000E+000
   0.000000000000000E+000
   0.000000000000000E+000
   0.000000000000000E+000
   0.000000000000000E+000
   0.000000000000000E+000
   0.000000000000000E+000
   0.000000000000000E+000
   1.220000616683834E-001
   0.000000000000000E+000
   0.000000000000000E+000
   0.000000000000000E+000
   0.000000000000000E+000
   0.000000000000000E+000
   0.000000000000000E+000
   0.000000000000000E+000
   0.000000000000000E+000
   0.000000000000000E+000
   0.000000000000000E+000
   1.107938155228614E-001
   0.000000000000000E+000
   0.000000000000000E+000
   0.000000000000000E+000
   0.000000000000000E+000
   0.000000000000000E+000
   0.000000000000000E+000
   0.000000000000000E+000
   0.000000000000000E+000
   0.000000000000000E+000
   0.000000000000000E+000
   0.000000000000000E+000
   3.949496665763861E-002
   0.000000000000000E+000
   0.000000000000000E+000
   0.000000000000000E+000
   0.000000000000000E+000
   0.000000000000000E+000
   0.000000000000000E+000
   0.000000000000000E+000
   0.000000000000000E+000
   0.000000000000000E+000
   0.000000000000000E+000
   0.000000000000000E+000
   0.000000000000000E+000
   1.561192172604355E-001
   0.000000000000000E+000
   0.000000000000000E+000
   0.000000000000000E+000
   0.000000000000000E+000
   0.000000000000000E+000
   0.000000000000000E+000
   0.000000000000000E+000
   0.000000000000000E+000
   0.000000000000000E+000
   0.000000000000000E+000
   0.000000000000000E+000
   0.000000000000000E+000
   0.000000000000000E+000
   1.758048206068987E-001
   0.000000000000000E+000
   0.000000000000000E+000
   0.000000000000000E+000
   0.000000000000000E+000
   0.000000000000000E+000
   0.000000000000000E+000
   0.000000000000000E+000
   0.000000000000000E+000
   0.000000000000000E+000
   0.000000000000000E+000
   0.000000000000000E+000
   0.000000000000000E+000
   0.000000000000000E+000
   0.000000000000000E+000
   1.133739236132187E-001
   0.000000000000000E+000
   0.000000000000000E+000
   0.000000000000000E+000
   0.000000000000000E+000
   0.000000000000000E+000
   0.000000000000000E+000
   0.000000000000000E+000
   0.000000000000000E+000
   0.000000000000000E+000
   0.000000000000000E+000
   0.000000000000000E+000
   0.000000000000000E+000
   0.000000000000000E+000
   0.000000000000000E+000
   0.000000000000000E+000
   9.726992345997323E-002
   0.000000000000000E+000
   0.000000000000000E+000
   0.000000000000000E+000
   0.000000000000000E+000
   0.000000000000000E+000
   0.000000000000000E+000
   0.000000000000000E+000
   0.000000000000000E+000
   0.000000000000000E+000
   0.000000000000000E+000
   0.000000000000000E+000
   0.000000000000000E+000
   0.000000000000000E+000
   0.000000000000000E+000
   0.000000000000000E+000
   0.000000000000000E+000
   1.573867136440171E-001
   0.000000000000000E+000
   0.000000000000000E+000
   0.000000000000000E+000
   0.000000000000000E+000
   0.000000000000000E+000
   0.000000000000000E+000
   0.000000000000000E+000
   0.000000000000000E+000
   0.000000000000000E+000
   0.000000000000000E+000
   0.000000000000000E+000
   0.000000000000000E+000
   0.000000000000000E+000
   0.000000000000000E+000
   0.000000000000000E+000
   0.000000000000000E+000
   0.000000000000000E+000
   2.363351387059265E-001
   0.000000000000000E+000
   0.000000000000000E+000
   0.000000000000000E+000
   3.186314461801579E-002
   3.826391564481203E-003
  -3.050427689755040E-002
   0.000000000000000E+000
   0.000000000000000E+000
   0.000000000000000E+000
   0.000000000000000E+000
   0.000000000000000E+000
   0.000000000000000E+000
   0.000000000000000E+000
   0.000000000000000E+000
   0.000000000000000E+000
   0.000000000000000E+000
   0.000000000000000E+000
   0.000000000000000E+000
   5.123998845667847E-002
   0.000000000000000E+000
   0.000000000000000E+000
   0.000000000000000E+000
   0.000000000000000E+000
   0.000000000000000E+000
   0.000000000000000E+000
   1.925901018528113E-002
   3.887625439450105E-002
  -1.211074182480756E-002
   0.000000000000000E+000
   0.000000000000000E+000
   0.000000000000000E+000
   0.000000000000000E+000
   0.000000000000000E+000
   0.000000000000000E+000
   0.000000000000000E+000
   0.000000000000000E+000
   0.000000000000000E+000
   9.758581285371659E-003
   8.214115153766208E-002
   0.000000000000000E+000
   0.000000000000000E+000
   0.000000000000000E+000
   0.000000000000000E+000
   0.000000000000000E+000
   0.000000000000000E+000
   0.000000000000000E+000
   0.000000000000000E+000
   0.000000000000000E+000
   2.471914593216095E-002
  -2.832190867471342E-002
  -2.151719732626373E-002
   0.000000000000000E+000
   0.000000000000000E+000
   0.000000000000000E+000
   0.000000000000000E+000
   0.000000000000000E+000
   0.000000000000000E+000
   9.573284760604230E-003
   6.985629848102530E-003
   4.645132033364020E-002
   0.000000000000000E+000
   0.000000000000000E+000
   0.000000000000000E+000
   0.000000000000000E+000
   0.000000000000000E+000
   0.000000000000000E+000
   0.000000000000000E+000
   0.000000000000000E+000
   0.000000000000000E+000
   0.000000000000000E+000
   0.000000000000000E+000
   0.000000000000000E+000
   2.644063202096534E-002
  -1.542397147092244E-002
  -3.325365971598870E-002
   0.000000000000000E+000
   0.000000000000000E+000
   0.000000000000000E+000
   8.932524951815271E-003
   7.940678161372769E-003
   1.220450250810116E-002
   6.258337221746840E-002
   0.000000000000000E+000
   0.000000000000000E+000
   0.000000000000000E+000
   0.000000000000000E+000
   0.000000000000000E+000
   0.000000000000000E+000
   0.000000000000000E+000
   0.000000000000000E+000
   0.000000000000000E+000
   0.000000000000000E+000
   0.000000000000000E+000
   0.000000000000000E+000
   0.000000000000000E+000
   0.000000000000000E+000
   0.000000000000000E+000
   2.525096153762470E-002
   3.213494240432045E-002
   1.474231614630390E-002
   5.479619552021875E-003
   8.466846325834288E-003
   4.200115488032118E-003
   6.032535720708122E-003
   7.752790686225844E-002
  -2.095198055824826E-002
  -3.562839994761929E-002
  -3.331362604709973E-002
   8.705899112031655E-002
   1.266487956431498E-002
  -5.824516912753927E-002
   3.730264606343611E-002
   6.821430681534472E-002
  -1.676413991574776E-002
   6.700140491594292E-002
  -7.107017079317850E-002
  -4.138368829065112E-002
   5.553552452274263E-002
  -2.676597895254700E-002
  -5.744009535119493E-002
   3.314575961232636E-002
   4.717972373687984E-002
   2.360792603229002E-002
   2.113239516514210E-001
   2.343325694616613E-001
   2.059860993604690E-001
   2.323253818949980E-001
   1.750575189740646E-001
        4.290891291370915
  -2.059925085638586E-002
  -1.525175578358528E-002
  -9.394059699566493E-003
  -1.932398700229354E-002
  -3.181490519632580E-002
  -1.562509512997390E-002
  -6.665794926558262E-003
  -2.270322419013333E-002
  -2.382460746870101E-002
  -2.944199643257590E-002
  -1.792079313749448E-002
  -6.512569829942052E-003
  -2.805652633960661E-002
  -2.534284572352270E-002
  -1.703013208387872E-002
  -7.251573608677822E-003
  -1.245627338940689E-002
  -2.091730132837638E-002
  -8.866558705083573E-003
  -1.364460223525357E-002
  -2.327591532288292E-003
  -4.758151128923004E-003
  -1.006020593819537E-002
   0.000000000000000E+000
   5.194783226960721E-001
  -4.627891274819938E-003
  -5.925607382966522E-003
  -5.962779896709298E-003
   2.043088308092649E-002
  -2.586676283076962E-003
  -1.796408188347276E-002
   8.980754461734955E-003
   1.437653242700166E-002
  -5.272139860272943E-003
   1.089507590487217E-002
  -1.430256846018192E-002
  -1.002665015635692E-002
   9.223002312014237E-003
  -7.908772723983749E-003
  -1.413683838875660E-002
   4.515566608263222E-003
   5.857600769655399E-003
   2.442888662475818E-003
   3.891380792329485E-002
   4.074006116023839E-002
   2.841851751947567E-002
   3.062372371038442E-002
   2.358427582172658E-002
   0.000000000000000E+000
   2.945909036639273E-002
   8.126718938358830E-001
  -8.236530335783443E-002
  -7.117364662562840E-002
  -4.680871788018080E-002
  -4.201491042677287E-002
  -1.063057718519461E-001
  -8.000175767360233E-002
  -9.595566131181352E-003
  -5.751445608659353E-002
  -9.330577913022166E-002
  -9.216069644603460E-002
  -9.399238970595181E-002
  -4.423414494255128E-002
  -8.852503644824519E-002
  -1.096920438856378E-001
  -7.836156192493252E-002
  -3.748239589809448E-002
  -4.887914728355108E-002
  -6.826291482736500E-002
   1.630463387484039E-002
  -7.883799286419982E-003
   3.565990929960555E-002
   2.775411720766675E-002
  -1.504120667195545E-002
   0.000000000000000E+000
   0.000000000000000E+000
   0.000000000000000E+000
        1.964173214493954
  -1.119418497334052E-002
  -2.117980991234140E-002
  -2.530076723460591E-002
   5.277982824342087E-002
   1.698871611395822E-002
  -6.952173318033894E-002
   1.392847984852445E-002
   4.325989293170623E-002
  -7.915337238208387E-003
   5.534710697800899E-002
  -4.917218358270879E-002
  -5.469201866029690E-002
   4.375552403018507E-002
  -1.416495681014511E-002
  -4.961137337338325E-002
   2.614017722167295E-002
   2.673259089342245E-002
   1.351573753147909E-002
   1.421594747619808E-001
   1.313547688461886E-001
   1.345067042237758E-001
   1.298079103492603E-001
   8.962896782336785E-002
   0.000000000000000E+000
   0.000000000000000E+000
   0.000000000000000E+000
   6.236102451011695E-002
        2.933677982587240
        4.792432222146028
        3.967272896620897
        5.610669051061205
        3.391883233989035
        4.736142531168607
        8.992401319433380
        1.855030665300821
        2.199502605956782
        2.392480618867577
       22.738071695896124
        2.166730804161827
        2.451231212244972
        2.706171483148104
        6.826181954604792
        9.210604260934378
        2.510541142883309
        2.594081705602349
        3.791031677579590
        1.327437947353967
        5.360015794962925
       19.602275169259112
        1.522574926786455
        1.675590377352503
        1.719095016501964
        3.460062591808188
        2.589676066559390
        3.668381077309956
       35.332207390983740
        1.616042284903878
        1.891936543677502
        2.135975393851061
        4.161040042740242
        3.765608716865899
        4.743716814905965
        6.422378266564420
       10.082059107229773
        1.528135549008878
        1.600095095242731
        1.969360554143692
        2.156598016964352
        2.952432003751415
        4.568004293288138
        1.365605455116632
        3.232979136587163
        6.202820791964150
        2.524923858611366
        2.680185739425977
        3.365297527905477
        5.187036095039995
        5.318871650717480
        6.081202258111356
        3.392139409900973
        3.986549230837930
        2.573455005411147
       13.222628439800669
        2.266958529966303
        2.632613338419658
        2.949252354352360
        7.452977669650820
        5.675501261858923
        4.866183159088806
        2.993354878817988
        4.188151506182010
        3.261546084224632
        5.245771787407095
       14.906107823936818
        1.949222966009578
        2.357662880337625
        3.098832908027857
       11.023220295144764
        6.197924728417936
        7.956585606085762
        3.347897303662566
        5.343826042106866
        4.275351136594589
        3.542764472757824
       16.089239788820972
       40.290294096367042
        1.777852705201203
        1.979495093980639
        1.912949901370330
        4.283283400230623
        3.571901851736982
        3.785451673757005
        1.897170381428151
        2.786784958685935
        1.955393632363388
        4.997507978649312
        5.419706967653180
        7.269641992090438
        9.222768705594635
        1.957586176822789
        2.053286959193291
        2.494726539931372
        3.831275196286777
        4.379985545990026
        4.447650364756342
   9.581974286455961E-001
        2.885504612995112
        2.505373286503869
        5.136925235457285
        5.137765159378643
        5.021969367874329
        4.928537599028169
        7.762968526219454
        1.878806310897948
        1.927776779077709
        2.574002936710776
        4.146819928972766
        3.978851106263583
        5.461818550339932
   1.913037797452896E-001
        2.681696663267646
        2.513726782268171
        5.361555599117189
        3.577477819281504
        5.228731880980624
        3.316865068776139
        6.116068982506776
       11.640390087765203
   5.029776591116655E-001
        1.056852766701765
        1.088969864036604
        2.726393305182703
        1.779800234125381
        2.687261799367680
        1.707259732744650
        1.827293468881034
        1.732727603622105
        2.191003652055829
        3.080256024828368
        3.806277669437619
        2.256729114350243
        2.108726090589624
        1.731788122852420
       11.993931150357609
   4.935959026852044E-001
        1.071177157015918
        1.201593688445032
        2.514993716277034
        1.761759654203975
        2.352284309779786
        1.997745117156545
        1.859371563137882
        1.795142555470061
        1.970845423912095
        2.586920046936042
        3.624600487325095
        1.795180136457677
        1.642547013589867
        1.864666265604641
        7.834089002143919
        7.705545491949096
   3.917829096785659E-001
   7.948760050843752E-001
        1.406308316718530
        1.117986993935768
        1.480236610733045
        2.432612170679349
   8.818387176824264E-001
        1.722164503309558
        2.031468708314303
        1.632741881341234
        1.842106943656253
        2.783435469318254
        1.247081496521847
        1.493904515626165
        1.793515935936584
        3.546955402830018
        3.600461224150779
        4.862469666994917
       -2.397519430209273
       -5.283503870922171
       -6.565252853012806
      -13.226988431061432
       -1.682003317644373
       16.420726640052234
        1.393466707088374
        1.649459413714909
        2.606905558508483
  -3.697881944892961E-002
       -1.511810590954587
  -8.726401610742271E-001
   8.948524837147482E-001
   5.128089371205842E-001
   3.515028665121966E-002
  -7.695014602660665E-001
       -1.274034163552924
   1.535315468897094E-001
      146.643807681351944
       -2.617509557228254
       -4.158518214552196
       -5.186746108681261
   9.892021955550807E-001
  -1.799224135501001E-002
   3.034508208823853E-001
      -10.642697294280156
       -4.797563244646726
        1.388452903883602
  -7.953595938096951E-001
   1.787359284539524E-001
        2.403849643023751
   5.453520020646903E-001
   4.828348841557633E-001
   1.176921214467527E-001
  -5.015906149591383E-001
  -8.190095600001133E-001
  -4.217749590556817E-001
       67.502741223455985
       68.397185972161694
       -3.298764911249396
       -5.525921187636529
       -7.392072229399998
        7.646609434003655
        1.207829662097998
  -7.084505426809362E-001
       -1.188958284014788
        1.674590817434445
        2.511873645535610
       -8.372575496527066
       15.014238082826502
       34.555236935267033
        4.291057501904938
   7.957272184390449E-001
       -1.809348313026646
        1.055138352407478
   2.547619636163059E-001
  -3.526185645166258E-001
      105.123344721987593
       71.810943544886641
      176.385089582810878
       -1.107720625280297
       -3.522796802534908
       -4.230167595504503
   7.004957420847102E-001
        1.501487493698012
        2.524678668398853
  -7.632769357885988E-001
        1.906663491480763
        1.641339448735989
        3.101478256250415
  -1.055652988817410E-001
  -9.674757868849492E-001
       -3.252495060275852
        2.804451844779978
        7.219689561052854
       -1.031447792861028
       -1.217484972669319
  -4.600061028550888E-001
       85.225168980020683
       52.319119321344942
       84.215846863510720
       98.795079023082607
       -1.405207389601760
       -2.583498317040760
       -2.671526363668235
        2.293346230051691
   3.613510599404812E-001
   6.886047882793042E-001
        2.090935751323916
   6.461507529175754E-001
   4.611631996956961E-001
  -1.478748148029370E-001
  -1.450932169410096E-002
        3.138681119568846
   1.096802713245793E-001
   5.401806457444518E-001
  -3.385001689185039E-001
       -5.596940965659645
       -4.860122564523056
       -2.518693096366686
       51.118853827091428
       34.678994248613485
       54.108155068866637
       43.602820155804082
       52.140438883794488
   3.743770875889967E-001
   8.347849239262634E-001
        1.098305045964540
  -8.896138939282132E-001
  -3.450760268647901E-001
       -1.290472814232559
  -4.513067969470097E-001
  -3.297452170605810E-001
  -6.212369875862721E-001
  -2.475091550184894E-001
       -1.120649497995435
       -2.993138685806133
  -6.053655492691178E-001
  -5.767450169924685E-001
  -6.881467533069926E-001
  -1.450982970351883E-001
  -1.165564302107331E-001
  -1.835236685003309E-001
      -22.739879152817434
      -14.915344954931960
      -25.479796479107236
      -18.417159463442825
      -11.541306750106640
        5.702105011452943
        1.002416370191349
   8.944134198367029E-001
        1.506980850064447
        2.933855167009461
        2.993543390185951
        3.367831463607085
        1.413317645620775
        2.490585707334399
        1.959860381229927
        2.922833808308831
        3.371058357810621
        3.878955523460624
        2.488541519132036
        2.426304039551501
        2.331291244320884
        1.589344550971577
        1.477728527640903
        1.366469123724835
        7.058465082998229
        4.366090002747686
        8.155736730650348
        5.882364892684370
        3.320206760601422
       -1.720996678012724
        7.903723839326199
   4.417093360934856E-001
   7.659999833814306E-001
        1.647446450771806
  -6.029067868133271E-001
   2.331930379998829E-001
  -4.204791795581861E-001
  -1.857314962060820E-001
  -2.868462269743133E-001
  -3.471970664298747E-001
   5.799035096031500E-002
  -8.856613138243512E-002
       -1.409223668070254
  -2.252718488102740E-001
  -2.357144992134854E-002
   2.945654179617346E-001
   2.712012079754812E-001
   2.977068558501676E-001
   1.621180754476099E-001
      -19.119640269844886
      -12.681287594397073
      -20.242443047511028
      -14.881197589053876
      -10.118681513931802
        3.924111698847525
   4.427485817135607E-001
        7.557096761527923
        1.334807298866268
        1.462013438169551
        1.561693167234212
        3.066514627651460
        2.664290543332275
        3.555409238541825
        1.614212550991360
        2.280469120084463
        1.685598349080053
        3.561474548028006
        3.179112637771350
        3.672308422788494
        2.581459262102818
        2.521158350015810
        2.609104324362687
        1.319098613962705
        1.200522307992180
        1.044776387893850
       -4.346226388142933
       -2.966386535107042
       -4.794202952692677
       -3.621112651001461
       -2.150992030372383
   6.473498849444108E-001
        1.207796411077164
   7.718280106011812E-001
        3.703629661077407
   4.522266800338637E-001
   9.357386008483197E-001
        1.153762444106392
  -2.833082960564648E-001
   6.774941501439199E-002
  -3.102656608600476E-001
   5.563378541515418E-002
  -1.503123771703104E-001
  -3.306804377426902E-001
   2.915902629866020E-001
  -2.570980405843879E-001
       -1.329512295582678
  -1.915908194342918E-001
  -2.874798709160676E-001
  -4.284946681984947E-002
   1.014488043036635E-001
   1.728671291564452E-001
   1.730774608593613E-001
      -20.757775582138251
      -13.535920506477776
      -22.940703828253273
      -16.768473209150205
      -10.358062620495792
        4.276162670770107
       -1.322773722809969
        3.574429222793262
        1.192883421379785
        4.845214247122627
