   8.598706188296950E-003
           3
          18
          20
   8.110443203357515E-001
   0.000000000000000E+000
   0.000000000000000E+000
   0.000000000000000E+000
   0.000000000000000E+000
   0.000000000000000E+000
   0.000000000000000E+000
   0.000000000000000E+000
   0.000000000000000E+000
   0.000000000000000E+000
   0.000000000000000E+000
   0.000000000000000E+000
   0.000000000000000E+000
   0.000000000000000E+000
   0.000000000000000E+000
   5.452414833924107E-001
   0.000000000000000E+000
   0.000000000000000E+000
   0.000000000000000E+000
   0.000000000000000E+000
   0.000000000000000E+000
   8.110443203357515E-001
   0.000000000000000E+000
   0.000000000000000E+000
   0.000000000000000E+000
   0.000000000000000E+000
   0.000000000000000E+000
   0.000000000000000E+000
   0.000000000000000E+000
   0.000000000000000E+000
   0.000000000000000E+000
   0.000000000000000E+000
   0.000000000000000E+000
   0.000000000000000E+000
   0.000000000000000E+000
   8.449175174470717E-002
   0.000000000000000E+000
   0.000000000000000E+000
   0.000000000000000E+000
   0.000000000000000E+000
   0.000000000000000E+000
   0.000000000000000E+000
   8.110443203357515E-001
   0.000000000000000E+000
   0.000000000000000E+000
   0.000000000000000E+000
   0.000000000000000E+000
   0.000000000000000E+000
   0.000000000000000E+000
   0.000000000000000E+000
   0.000000000000000E+000
   0.000000000000000E+000
   0.000000000000000E+000
   0.000000000000000E+000
   0.000000000000000E+000
  -4.418498882945929E-001
   0.000000000000000E+000
   0.000000000000000E+000
   0.000000000000000E+000
   0.000000000000000E+000
   0.000000000000000E+000
   0.000000000000000E+000
   0.000000000000000E+000
   7.798608055830372E-001
   0.000000000000000E+000
   0.000000000000000E+000
   0.000000000000000E+000
   0.000000000000000E+000
   0.000000000000000E+000
   0.000000000000000E+000
   0.000000000000000E+000
   0.000000000000000E+000
   4.937257614853647E-001
   0.000000000000000E+000
   0.000000000000000E+000
   5.280567798993326E-001
   0.000000000000000E+000
   0.000000000000000E+000
   0.000000000000000E+000
   0.000000000000000E+000
   0.000000000000000E+000
   0.000000000000000E+000
   0.000000000000000E+000
   0.000000000000000E+000
   7.798608055830372E-001
   0.000000000000000E+000
   0.000000000000000E+000
   0.000000000000000E+000
   0.000000000000000E+000
   0.000000000000000E+000
   0.000000000000000E+000
   0.000000000000000E+000
  -9.577155618044560E-002
   0.000000000000000E+000
   0.000000000000000E+000
  -1.024309920763437E-001
   0.000000000000000E+000
   0.000000000000000E+000
   0.000000000000000E+000
   0.000000000000000E+000
   0.000000000000000E+000
   0.000000000000000E+000
   0.000000000000000E+000
   0.000000000000000E+000
   0.000000000000000E+000
   7.798608055830372E-001
   0.000000000000000E+000
   0.000000000000000E+000
   0.000000000000000E+000
   0.000000000000000E+000
   0.000000000000000E+000
   0.000000000000000E+000
  -5.358055066172216E-001
   0.000000000000000E+000
   0.000000000000000E+000
  -5.730625228576564E-001
   0.000000000000000E+000
   0.000000000000000E+000
   0.000000000000000E+000
   0.000000000000000E+000
   0.000000000000000E+000
   0.000000000000000E+000
   0.000000000000000E+000
   0.000000000000000E+000
   0.000000000000000E+000
   0.000000000000000E+000
   9.765535913078318E-001
   0.000000000000000E+000
   0.000000000000000E+000
   0.000000000000000E+000
   0.000000000000000E+000
   0.000000000000000E+000
   0.000000000000000E+000
  -2.604866068580094E-001
   0.000000000000000E+000
   7.651595483290506E-002
   0.000000000000000E+000
   0.000000000000000E+000
   0.000000000000000E+000
   0.000000000000000E+000
   0.000000000000000E+000
   0.000000000000000E+000
   0.000000000000000E+000
   0.000000000000000E+000
   0.000000000000000E+000
   0.000000000000000E+000
   0.000000000000000E+000
   9.765535913078318E-001
   0.000000000000000E+000
   0.000000000000000E+000
   0.000000000000000E+000
   0.000000000000000E+000
   0.000000000000000E+000
  -6.177200050060229E-002
   0.000000000000000E+000
   1.814505420164923E-002
   0.000000000000000E+000
   0.000000000000000E+000
   0.000000000000000E+000
   0.000000000000000E+000
   0.000000000000000E+000
   0.000000000000000E+000
   0.000000000000000E+000
   0.000000000000000E+000
   0.000000000000000E+000
   0.000000000000000E+000
   0.000000000000000E+000
   0.000000000000000E+000
   9.765535913078318E-001
   0.000000000000000E+000
   0.000000000000000E+000
   0.000000000000000E+000
   0.000000000000000E+000
   1.942245636248631E-001
   0.000000000000000E+000
  -5.705198481034215E-002
   0.000000000000000E+000
   0.000000000000000E+000
   0.000000000000000E+000
   0.000000000000000E+000
   0.000000000000000E+000
   0.000000000000000E+000
   0.000000000000000E+000
   0.000000000000000E+000
   0.000000000000000E+000
   0.000000000000000E+000
   0.000000000000000E+000
   0.000000000000000E+000
   0.000000000000000E+000
   7.907013581953253E-001
   0.000000000000000E+000
   0.000000000000000E+000
   0.000000000000000E+000
   0.000000000000000E+000
   2.240128451774847E-001
   2.311135701142400E-001
   0.000000000000000E+000
   0.000000000000000E+000
   0.000000000000000E+000
   0.000000000000000E+000
   0.000000000000000E+000
   0.000000000000000E+000
   0.000000000000000E+000
   0.000000000000000E+000
   0.000000000000000E+000
   0.000000000000000E+000
   0.000000000000000E+000
   0.000000000000000E+000
   0.000000000000000E+000
   0.000000000000000E+000
   7.907013581953253E-001
   0.000000000000000E+000
   0.000000000000000E+000
   0.000000000000000E+000
  -4.278615833649627E-001
  -4.414238744562262E-001
   0.000000000000000E+000
   0.000000000000000E+000
   0.000000000000000E+000
   0.000000000000000E+000
   0.000000000000000E+000
   0.000000000000000E+000
   0.000000000000000E+000
   0.000000000000000E+000
   0.000000000000000E+000
   0.000000000000000E+000
   0.000000000000000E+000
   0.000000000000000E+000
   0.000000000000000E+000
   0.000000000000000E+000
   0.000000000000000E+000
   7.907013581953253E-001
   0.000000000000000E+000
   0.000000000000000E+000
  -8.084247334669659E-001
  -8.340500571392334E-001
   0.000000000000000E+000
   0.000000000000000E+000
   0.000000000000000E+000
   0.000000000000000E+000
   0.000000000000000E+000
   0.000000000000000E+000
   0.000000000000000E+000
   0.000000000000000E+000
   0.000000000000000E+000
   0.000000000000000E+000
   0.000000000000000E+000
   0.000000000000000E+000
   0.000000000000000E+000
   0.000000000000000E+000
   0.000000000000000E+000
   0.000000000000000E+000
   2.001224098225959E-001
   0.000000000000000E+000
   0.000000000000000E+000
   4.455349343908521E-001
   0.000000000000000E+000
   0.000000000000000E+000
   0.000000000000000E+000
   0.000000000000000E+000
   0.000000000000000E+000
   0.000000000000000E+000
   0.000000000000000E+000
   0.000000000000000E+000
   0.000000000000000E+000
   0.000000000000000E+000
   0.000000000000000E+000
   0.000000000000000E+000
   0.000000000000000E+000
   0.000000000000000E+000
   0.000000000000000E+000
   0.000000000000000E+000
   0.000000000000000E+000
   3.929458317878266E-001
   0.000000000000000E+000
  -1.950400993246478E-001
   0.000000000000000E+000
   0.000000000000000E+000
   0.000000000000000E+000
   0.000000000000000E+000
   0.000000000000000E+000
   0.000000000000000E+000
   0.000000000000000E+000
   0.000000000000000E+000
   0.000000000000000E+000
   0.000000000000000E+000
   0.000000000000000E+000
   0.000000000000000E+000
   0.000000000000000E+000
   0.000000000000000E+000
   0.000000000000000E+000
   0.000000000000000E+000
  -7.364506872723273E-002
   4.204650266064729E-001
   0.000000000000000E+000
  -2.022743443589412E-001
   0.000000000000000E+000
   0.000000000000000E+000
   0.000000000000000E+000
   0.000000000000000E+000
   0.000000000000000E+000
   0.000000000000000E+000
   0.000000000000000E+000
   0.000000000000000E+000
   0.000000000000000E+000
   0.000000000000000E+000
   0.000000000000000E+000
   0.000000000000000E+000
   0.000000000000000E+000
   0.000000000000000E+000
   0.000000000000000E+000
   0.000000000000000E+000
   0.000000000000000E+000
   0.000000000000000E+000
   2.085844344521146E-001
   4.416076868575546E-001
   0.000000000000000E+000
   0.000000000000000E+000
   0.000000000000000E+000
   0.000000000000000E+000
   0.000000000000000E+000
   0.000000000000000E+000
   0.000000000000000E+000
   0.000000000000000E+000
   0.000000000000000E+000
   0.000000000000000E+000
   0.000000000000000E+000
   0.000000000000000E+000
   0.000000000000000E+000
   0.000000000000000E+000
   0.000000000000000E+000
   0.000000000000000E+000
   2.094334253835730E-001
   0.000000000000000E+000
   2.231922384379940E-001
   4.542632446646876E-001
   0.000000000000000E+000
   0.000000000000000E+000
   0.000000000000000E+000
   0.000000000000000E+000
   0.000000000000000E+000
   0.000000000000000E+000
   0.000000000000000E+000
   0.000000000000000E+000
   0.000000000000000E+000
   0.000000000000000E+000
   0.000000000000000E+000
   0.000000000000000E+000
   0.000000000000000E+000
   0.000000000000000E+000
   0.000000000000000E+000
   0.000000000000000E+000
   0.000000000000000E+000
   4.112282658122865E-001
  -7.675909471744985E-002
  -1.999873606797168E-001
   0.000000000000000E+000
   0.000000000000000E+000
   0.000000000000000E+000
   0.000000000000000E+000
   8.202301326703385E-001
   0.000000000000000E+000
   0.000000000000000E+000
   0.000000000000000E+000
   0.000000000000000E+000
   0.000000000000000E+000
   0.000000000000000E+000
   0.000000000000000E+000
   0.000000000000000E+000
   0.000000000000000E+000
   0.000000000000000E+000
   0.000000000000000E+000
   0.000000000000000E+000
   0.000000000000000E+000
   0.000000000000000E+000
   0.000000000000000E+000
  -8.202301326703385E-001
   5.263729048445076E-001
   0.000000000000000E+000
   0.000000000000000E+000
   0.000000000000000E+000
   8.202301326703385E-001
   0.000000000000000E+000
   0.000000000000000E+000
   0.000000000000000E+000
   0.000000000000000E+000
   0.000000000000000E+000
   0.000000000000000E+000
   0.000000000000000E+000
   0.000000000000000E+000
   0.000000000000000E+000
   0.000000000000000E+000
   0.000000000000000E+000
   0.000000000000000E+000
   0.000000000000000E+000
   0.000000000000000E+000
  -8.202301326703385E-001
   4.978996870151479E-002
   0.000000000000000E+000
   0.000000000000000E+000
   0.000000000000000E+000
   0.000000000000000E+000
   8.202301326703385E-001
   0.000000000000000E+000
   0.000000000000000E+000
   0.000000000000000E+000
   0.000000000000000E+000
   0.000000000000000E+000
   0.000000000000000E+000
   0.000000000000000E+000
   0.000000000000000E+000
   0.000000000000000E+000
   0.000000000000000E+000
   0.000000000000000E+000
   0.000000000000000E+000
   0.000000000000000E+000
  -8.202301326703385E-001
  -4.946388762751073E-001
   0.000000000000000E+000
   0.000000000000000E+000
   0.000000000000000E+000
   0.000000000000000E+000
   0.000000000000000E+000
   7.899989796446091E-001
   0.000000000000000E+000
   0.000000000000000E+000
   0.000000000000000E+000
   0.000000000000000E+000
   0.000000000000000E+000
   0.000000000000000E+000
   0.000000000000000E+000
   0.000000000000000E+000
   5.470256286646906E-001
   0.000000000000000E+000
   0.000000000000000E+000
   0.000000000000000E+000
  -8.791261839159458E-001
   5.026183455688253E-001
   0.000000000000000E+000
   0.000000000000000E+000
   0.000000000000000E+000
   0.000000000000000E+000
   0.000000000000000E+000
   0.000000000000000E+000
   7.899989796446091E-001
   0.000000000000000E+000
   0.000000000000000E+000
   0.000000000000000E+000
   0.000000000000000E+000
   0.000000000000000E+000
   0.000000000000000E+000
   0.000000000000000E+000
  -2.587862336390366E-002
   0.000000000000000E+000
   0.000000000000000E+000
   0.000000000000000E+000
  -8.791261839159458E-001
  -1.527794511513000E-001
   0.000000000000000E+000
   0.000000000000000E+000
   0.000000000000000E+000
   0.000000000000000E+000
   0.000000000000000E+000
   0.000000000000000E+000
   0.000000000000000E+000
   7.899989796446091E-001
   0.000000000000000E+000
   0.000000000000000E+000
   0.000000000000000E+000
   0.000000000000000E+000
   0.000000000000000E+000
   0.000000000000000E+000
  -4.535265764375158E-001
   0.000000000000000E+000
   0.000000000000000E+000
   0.000000000000000E+000
  -8.791261839159458E-001
  -6.420052253079349E-001
   0.000000000000000E+000
   0.000000000000000E+000
   0.000000000000000E+000
   0.000000000000000E+000
   0.000000000000000E+000
   0.000000000000000E+000
   0.000000000000000E+000
   0.000000000000000E+000
   9.780297021344397E-001
   0.000000000000000E+000
   0.000000000000000E+000
   0.000000000000000E+000
   0.000000000000000E+000
   0.000000000000000E+000
   0.000000000000000E+000
  -1.171336220327781E-001
   0.000000000000000E+000
   0.000000000000000E+000
   2.989155429318694E-001
   7.868351795599600E-002
   0.000000000000000E+000
   0.000000000000000E+000
   0.000000000000000E+000
   0.000000000000000E+000
   0.000000000000000E+000
   0.000000000000000E+000
   0.000000000000000E+000
   0.000000000000000E+000
   0.000000000000000E+000
   9.780297021344397E-001
   0.000000000000000E+000
   0.000000000000000E+000
   0.000000000000000E+000
   0.000000000000000E+000
   0.000000000000000E+000
   6.949127546459959E-002
   0.000000000000000E+000
   0.000000000000000E+000
   2.989155429318694E-001
   2.004752519996510E-002
   0.000000000000000E+000
   0.000000000000000E+000
   0.000000000000000E+000
   0.000000000000000E+000
   0.000000000000000E+000
   0.000000000000000E+000
   0.000000000000000E+000
   0.000000000000000E+000
   0.000000000000000E+000
   0.000000000000000E+000
   9.780297021344397E-001
   0.000000000000000E+000
   0.000000000000000E+000
   0.000000000000000E+000
   0.000000000000000E+000
   3.099131217262043E-001
   0.000000000000000E+000
   0.000000000000000E+000
   2.989155429318694E-001
  -5.549102204014855E-002
   0.000000000000000E+000
   0.000000000000000E+000
   0.000000000000000E+000
   0.000000000000000E+000
   0.000000000000000E+000
   0.000000000000000E+000
   0.000000000000000E+000
   0.000000000000000E+000
   0.000000000000000E+000
   0.000000000000000E+000
   0.000000000000000E+000
   8.005254383690562E-001
   0.000000000000000E+000
   0.000000000000000E+000
   0.000000000000000E+000
   0.000000000000000E+000
   2.872558156668924E-001
   0.000000000000000E+000
  -8.593251283348710E-001
   1.965926511039464E-001
   0.000000000000000E+000
   0.000000000000000E+000
   0.000000000000000E+000
   0.000000000000000E+000
   0.000000000000000E+000
   0.000000000000000E+000
   0.000000000000000E+000
   0.000000000000000E+000
   0.000000000000000E+000
   0.000000000000000E+000
   0.000000000000000E+000
   0.000000000000000E+000
   8.005254383690562E-001
   0.000000000000000E+000
   0.000000000000000E+000
   0.000000000000000E+000
  -3.451907013270148E-001
   0.000000000000000E+000
  -8.593251283348710E-001
  -5.013253921426138E-001
   0.000000000000000E+000
   0.000000000000000E+000
   0.000000000000000E+000
   0.000000000000000E+000
   0.000000000000000E+000
   0.000000000000000E+000
   0.000000000000000E+000
   0.000000000000000E+000
   0.000000000000000E+000
   0.000000000000000E+000
   0.000000000000000E+000
   0.000000000000000E+000
   0.000000000000000E+000
   8.005254383690562E-001
   0.000000000000000E+000
   0.000000000000000E+000
  -7.144118706807514E-001
   0.000000000000000E+000
  -8.593251283348710E-001
  -9.087687238971774E-001
   0.000000000000000E+000
   0.000000000000000E+000
   0.000000000000000E+000
   0.000000000000000E+000
   0.000000000000000E+000
   0.000000000000000E+000
   0.000000000000000E+000
   0.000000000000000E+000
   0.000000000000000E+000
   0.000000000000000E+000
   0.000000000000000E+000
   0.000000000000000E+000
   0.000000000000000E+000
   0.000000000000000E+000
   1.966921686333978E-001
   0.000000000000000E+000
   0.000000000000000E+000
   0.000000000000000E+000
   0.000000000000000E+000
   4.675793741452002E-001
   0.000000000000000E+000
   0.000000000000000E+000
   0.000000000000000E+000
   0.000000000000000E+000
   0.000000000000000E+000
   0.000000000000000E+000
   0.000000000000000E+000
   0.000000000000000E+000
   0.000000000000000E+000
   0.000000000000000E+000
   0.000000000000000E+000
   0.000000000000000E+000
   0.000000000000000E+000
   0.000000000000000E+000
   0.000000000000000E+000
   3.732188843300622E-001
   0.000000000000000E+000
   0.000000000000000E+000
   0.000000000000000E+000
  -1.997379074774777E-001
   0.000000000000000E+000
   0.000000000000000E+000
   0.000000000000000E+000
   0.000000000000000E+000
   0.000000000000000E+000
   0.000000000000000E+000
   0.000000000000000E+000
   0.000000000000000E+000
   0.000000000000000E+000
   0.000000000000000E+000
   0.000000000000000E+000
   0.000000000000000E+000
   0.000000000000000E+000
   0.000000000000000E+000
  -7.168030536270134E-002
   4.000176053984654E-001
   0.000000000000000E+000
   0.000000000000000E+000
   0.000000000000000E+000
  -2.076838945540950E-001
   0.000000000000000E+000
   0.000000000000000E+000
   0.000000000000000E+000
   0.000000000000000E+000
   0.000000000000000E+000
   0.000000000000000E+000
   0.000000000000000E+000
   0.000000000000000E+000
   0.000000000000000E+000
   0.000000000000000E+000
   0.000000000000000E+000
   0.000000000000000E+000
   0.000000000000000E+000
   0.000000000000000E+000
   0.000000000000000E+000
   0.000000000000000E+000
   2.046599618648796E-001
   0.000000000000000E+000
   0.000000000000000E+000
   4.629482797792198E-001
   0.000000000000000E+000
   0.000000000000000E+000
   0.000000000000000E+000
   0.000000000000000E+000
   0.000000000000000E+000
   0.000000000000000E+000
   0.000000000000000E+000
   0.000000000000000E+000
   0.000000000000000E+000
   0.000000000000000E+000
   0.000000000000000E+000
   0.000000000000000E+000
   0.000000000000000E+000
   0.000000000000000E+000
   2.060671954382967E-001
   0.000000000000000E+000
   2.193554273468366E-001
   0.000000000000000E+000
   0.000000000000000E+000
   4.778025237717063E-001
   0.000000000000000E+000
   0.000000000000000E+000
   0.000000000000000E+000
   0.000000000000000E+000
   0.000000000000000E+000
   0.000000000000000E+000
   0.000000000000000E+000
   0.000000000000000E+000
   0.000000000000000E+000
   0.000000000000000E+000
   0.000000000000000E+000
   0.000000000000000E+000
   0.000000000000000E+000
   0.000000000000000E+000
   0.000000000000000E+000
   3.910077829374605E-001
  -7.458399927114556E-002
   0.000000000000000E+000
   0.000000000000000E+000
  -2.051564108731994E-001
   0.000000000000000E+000
   0.000000000000000E+000
   8.167914091139852E-001
   0.000000000000000E+000
   0.000000000000000E+000
   0.000000000000000E+000
   0.000000000000000E+000
   0.000000000000000E+000
   0.000000000000000E+000
   0.000000000000000E+000
   0.000000000000000E+000
   0.000000000000000E+000
   0.000000000000000E+000
   0.000000000000000E+000
   0.000000000000000E+000
   0.000000000000000E+000
   0.000000000000000E+000
   0.000000000000000E+000
   0.000000000000000E+000
   0.000000000000000E+000
  -8.167914091139852E-001
   5.067579231424486E-001
   0.000000000000000E+000
   8.167914091139852E-001
   0.000000000000000E+000
   0.000000000000000E+000
   0.000000000000000E+000
   0.000000000000000E+000
   0.000000000000000E+000
   0.000000000000000E+000
   0.000000000000000E+000
   0.000000000000000E+000
   0.000000000000000E+000
   0.000000000000000E+000
   0.000000000000000E+000
   0.000000000000000E+000
   0.000000000000000E+000
   0.000000000000000E+000
   0.000000000000000E+000
   0.000000000000000E+000
  -8.167914091139852E-001
   3.614395545322728E-002
   0.000000000000000E+000
   0.000000000000000E+000
   8.167914091139852E-001
   0.000000000000000E+000
   0.000000000000000E+000
   0.000000000000000E+000
   0.000000000000000E+000
   0.000000000000000E+000
   0.000000000000000E+000
   0.000000000000000E+000
   0.000000000000000E+000
   0.000000000000000E+000
   0.000000000000000E+000
   0.000000000000000E+000
   0.000000000000000E+000
   0.000000000000000E+000
   0.000000000000000E+000
   0.000000000000000E+000
  -8.167914091139852E-001
  -5.014661842057255E-001
   0.000000000000000E+000
   0.000000000000000E+000
   0.000000000000000E+000
   7.861978421954142E-001
   0.000000000000000E+000
   0.000000000000000E+000
   0.000000000000000E+000
   0.000000000000000E+000
   0.000000000000000E+000
   0.000000000000000E+000
   0.000000000000000E+000
   0.000000000000000E+000
   5.745890724211332E-001
   0.000000000000000E+000
   0.000000000000000E+000
   0.000000000000000E+000
   0.000000000000000E+000
   0.000000000000000E+000
  -8.748962044522330E-001
   4.793940734260004E-001
   0.000000000000000E+000
   0.000000000000000E+000
   0.000000000000000E+000
   0.000000000000000E+000
   7.861978421954142E-001
   0.000000000000000E+000
   0.000000000000000E+000
   0.000000000000000E+000
   0.000000000000000E+000
   0.000000000000000E+000
   0.000000000000000E+000
   0.000000000000000E+000
  -4.645957959525965E-003
   0.000000000000000E+000
   0.000000000000000E+000
   0.000000000000000E+000
   0.000000000000000E+000
   0.000000000000000E+000
  -8.748962044522330E-001
  -1.665886878299916E-001
   0.000000000000000E+000
   0.000000000000000E+000
   0.000000000000000E+000
   0.000000000000000E+000
   0.000000000000000E+000
   7.861978421954142E-001
   0.000000000000000E+000
   0.000000000000000E+000
   0.000000000000000E+000
   0.000000000000000E+000
   0.000000000000000E+000
   0.000000000000000E+000
  -4.370195600295224E-001
   0.000000000000000E+000
   0.000000000000000E+000
   0.000000000000000E+000
   0.000000000000000E+000
   0.000000000000000E+000
  -8.748962044522330E-001
  -6.487865500273500E-001
   0.000000000000000E+000
   0.000000000000000E+000
   0.000000000000000E+000
   0.000000000000000E+000
   0.000000000000000E+000
   0.000000000000000E+000
   9.774821668374716E-001
   0.000000000000000E+000
   0.000000000000000E+000
   0.000000000000000E+000
   0.000000000000000E+000
   0.000000000000000E+000
   0.000000000000000E+000
  -7.859567925661023E-002
   0.000000000000000E+000
   0.000000000000000E+000
   0.000000000000000E+000
   0.000000000000000E+000
   2.987481995370723E-001
   7.918864002557668E-002
   0.000000000000000E+000
   0.000000000000000E+000
   0.000000000000000E+000
   0.000000000000000E+000
   0.000000000000000E+000
   0.000000000000000E+000
   0.000000000000000E+000
   9.774821668374716E-001
   0.000000000000000E+000
   0.000000000000000E+000
   0.000000000000000E+000
   0.000000000000000E+000
   0.000000000000000E+000
   1.125202119348242E-001
   0.000000000000000E+000
   0.000000000000000E+000
   0.000000000000000E+000
   0.000000000000000E+000
   2.987481995370723E-001
   2.065107159755691E-002
   0.000000000000000E+000
   0.000000000000000E+000
   0.000000000000000E+000
   0.000000000000000E+000
   0.000000000000000E+000
   0.000000000000000E+000
   0.000000000000000E+000
   0.000000000000000E+000
   9.774821668374716E-001
   0.000000000000000E+000
   0.000000000000000E+000
   0.000000000000000E+000
   0.000000000000000E+000
   3.587276367015130E-001
   0.000000000000000E+000
   0.000000000000000E+000
   0.000000000000000E+000
   0.000000000000000E+000
   2.987481995370723E-001
  -5.476067927736211E-002
   0.000000000000000E+000
   0.000000000000000E+000
   0.000000000000000E+000
   0.000000000000000E+000
   0.000000000000000E+000
   0.000000000000000E+000
   0.000000000000000E+000
   0.000000000000000E+000
   0.000000000000000E+000
   7.968440283919066E-001
   0.000000000000000E+000
   0.000000000000000E+000
   0.000000000000000E+000
   0.000000000000000E+000
   3.130211575516356E-001
   0.000000000000000E+000
   0.000000000000000E+000
   0.000000000000000E+000
  -8.553733137522981E-001
   1.789365310928223E-001
   0.000000000000000E+000
   0.000000000000000E+000
   0.000000000000000E+000
   0.000000000000000E+000
   0.000000000000000E+000
   0.000000000000000E+000
   0.000000000000000E+000
   0.000000000000000E+000
   0.000000000000000E+000
   0.000000000000000E+000
   7.968440283919066E-001
   0.000000000000000E+000
   0.000000000000000E+000
   0.000000000000000E+000
  -3.268244349991435E-001
   0.000000000000000E+000
   0.000000000000000E+000
   0.000000000000000E+000
  -8.553733137522981E-001
  -5.093970887751108E-001
   0.000000000000000E+000
   0.000000000000000E+000
   0.000000000000000E+000
   0.000000000000000E+000
   0.000000000000000E+000
   0.000000000000000E+000
   0.000000000000000E+000
   0.000000000000000E+000
   0.000000000000000E+000
   0.000000000000000E+000
   0.000000000000000E+000
   7.968440283919066E-001
   0.000000000000000E+000
   0.000000000000000E+000
  -7.003651717089152E-001
   0.000000000000000E+000
   0.000000000000000E+000
   0.000000000000000E+000
  -8.553733137522981E-001
  -9.112450509413363E-001
   0.000000000000000E+000
   0.000000000000000E+000
   0.000000000000000E+000
   0.000000000000000E+000
   0.000000000000000E+000
   0.000000000000000E+000
   0.000000000000000E+000
   0.000000000000000E+000
   0.000000000000000E+000
   0.000000000000000E+000
   0.000000000000000E+000
   0.000000000000000E+000
   1.980319588429955E-001
   0.000000000000000E+000
   0.000000000000000E+000
   0.000000000000000E+000
   0.000000000000000E+000
   0.000000000000000E+000
   0.000000000000000E+000
   4.592266525104258E-001
   0.000000000000000E+000
   0.000000000000000E+000
   0.000000000000000E+000
   0.000000000000000E+000
   0.000000000000000E+000
   0.000000000000000E+000
   0.000000000000000E+000
   0.000000000000000E+000
   0.000000000000000E+000
   0.000000000000000E+000
   0.000000000000000E+000
   0.000000000000000E+000
   0.000000000000000E+000
   3.805977963702548E-001
   0.000000000000000E+000
   0.000000000000000E+000
   0.000000000000000E+000
   0.000000000000000E+000
   0.000000000000000E+000
  -1.979717298066316E-001
   0.000000000000000E+000
   0.000000000000000E+000
   0.000000000000000E+000
   0.000000000000000E+000
   0.000000000000000E+000
   0.000000000000000E+000
   0.000000000000000E+000
   0.000000000000000E+000
   0.000000000000000E+000
   0.000000000000000E+000
   0.000000000000000E+000
   0.000000000000000E+000
  -7.243182346802614E-002
   4.076727102558826E-001
   0.000000000000000E+000
   0.000000000000000E+000
   0.000000000000000E+000
   0.000000000000000E+000
   0.000000000000000E+000
  -2.056459818501589E-001
   0.000000000000000E+000
   0.000000000000000E+000
   0.000000000000000E+000
   0.000000000000000E+000
   0.000000000000000E+000
   0.000000000000000E+000
   0.000000000000000E+000
   0.000000000000000E+000
   0.000000000000000E+000
   0.000000000000000E+000
   0.000000000000000E+000
   0.000000000000000E+000
   0.000000000000000E+000
   0.000000000000000E+000
   2.061862537253396E-001
   0.000000000000000E+000
   0.000000000000000E+000
   0.000000000000000E+000
   0.000000000000000E+000
   4.548666262130296E-001
   0.000000000000000E+000
   0.000000000000000E+000
   0.000000000000000E+000
   0.000000000000000E+000
   0.000000000000000E+000
   0.000000000000000E+000
   0.000000000000000E+000
   0.000000000000000E+000
   0.000000000000000E+000
   0.000000000000000E+000
   0.000000000000000E+000
   0.000000000000000E+000
   2.073861832706334E-001
   0.000000000000000E+000
   2.208539031895604E-001
   0.000000000000000E+000
   0.000000000000000E+000
   0.000000000000000E+000
   0.000000000000000E+000
   4.688745748248268E-001
   0.000000000000000E+000
   0.000000000000000E+000
   0.000000000000000E+000
   0.000000000000000E+000
   0.000000000000000E+000
   0.000000000000000E+000
   0.000000000000000E+000
   0.000000000000000E+000
   0.000000000000000E+000
   0.000000000000000E+000
   0.000000000000000E+000
   0.000000000000000E+000
   0.000000000000000E+000
   3.985756885484278E-001
  -7.541432412536922E-002
   0.000000000000000E+000
   0.000000000000000E+000
   0.000000000000000E+000
   0.000000000000000E+000
  -2.032104540851934E-001
   6.582430159268463E-002
   0.000000000000000E+000
   2.172773742342018E-001
   0.000000000000000E+000
   0.000000000000000E+000
   9.377433719748800E-002
   0.000000000000000E+000
   0.000000000000000E+000
   0.000000000000000E+000
   9.994773674383908E-002
   0.000000000000000E+000
   0.000000000000000E+000
   0.000000000000000E+000
   0.000000000000000E+000
   1.699378906204648E-001
   0.000000000000000E+000
   0.000000000000000E+000
   0.000000000000000E+000
   0.000000000000000E+000
   0.000000000000000E+000
   7.252119879208291E-002
   0.000000000000000E+000
   0.000000000000000E+000
   0.000000000000000E+000
   0.000000000000000E+000
   0.000000000000000E+000
   0.000000000000000E+000
   7.920199606834782E-002
   0.000000000000000E+000
   0.000000000000000E+000
   0.000000000000000E+000
   0.000000000000000E+000
   0.000000000000000E+000
   0.000000000000000E+000
   0.000000000000000E+000
   2.880117878882545E-001
   0.000000000000000E+000
   0.000000000000000E+000
   0.000000000000000E+000
   0.000000000000000E+000
   0.000000000000000E+000
   0.000000000000000E+000
   0.000000000000000E+000
   0.000000000000000E+000
   1.392746124483417E-001
   0.000000000000000E+000
   0.000000000000000E+000
   0.000000000000000E+000
   0.000000000000000E+000
   0.000000000000000E+000
   0.000000000000000E+000
   0.000000000000000E+000
   0.000000000000000E+000
   0.000000000000000E+000
   1.756050605829059E-001
   0.000000000000000E+000
   0.000000000000000E+000
   0.000000000000000E+000
   0.000000000000000E+000
   0.000000000000000E+000
   0.000000000000000E+000
   0.000000000000000E+000
   0.000000000000000E+000
   0.000000000000000E+000
   0.000000000000000E+000
   9.166350943479687E-002
   0.000000000000000E+000
   0.000000000000000E+000
   0.000000000000000E+000
   0.000000000000000E+000
   0.000000000000000E+000
   0.000000000000000E+000
   0.000000000000000E+000
   0.000000000000000E+000
   0.000000000000000E+000
   0.000000000000000E+000
   0.000000000000000E+000
   1.813163367502199E-002
   0.000000000000000E+000
   0.000000000000000E+000
   0.000000000000000E+000
   6.734364136456189E-002
  -1.162132976363704E-002
  -4.546392832871465E-002
   0.000000000000000E+000
   0.000000000000000E+000
   0.000000000000000E+000
   0.000000000000000E+000
   0.000000000000000E+000
   0.000000000000000E+000
   1.259546867755296E-001
   0.000000000000000E+000
   0.000000000000000E+000
   0.000000000000000E+000
   0.000000000000000E+000
   0.000000000000000E+000
   0.000000000000000E+000
  -1.535668945368587E-002
   2.869158279338568E-003
   3.903580891082653E-002
   0.000000000000000E+000
   0.000000000000000E+000
   0.000000000000000E+000
  -1.331979314181602E-002
   2.231033432489872E-001
   0.000000000000000E+000
   0.000000000000000E+000
   0.000000000000000E+000
   0.000000000000000E+000
   0.000000000000000E+000
   0.000000000000000E+000
   0.000000000000000E+000
   0.000000000000000E+000
   0.000000000000000E+000
   5.763701214305884E-002
  -4.491226502799595E-002
  -1.767751448785288E-002
   2.295930808960822E-002
  -1.351978418086017E-002
   1.050634610649623E-001
   2.555445057026673E-002
   1.240880955457751E-002
  -2.756822024558239E-002
   3.680133695253995E-002
  -1.142253600044925E-002
  -2.793964142664095E-002
   3.710438401674893E-003
   3.038585363269119E-003
  -4.025213612371983E-003
   2.889054886565644E-002
  -3.068380001652597E-002
  -1.268636011679459E-002
   1.077255960512916E-001
  -6.279680398335076E-002
   9.283811189012459E-002
   3.292341656038335E-001
  -6.015780342997966E-003
  -1.882129886609137E-002
  -8.134048452412264E-003
  -1.129846176915664E-002
  -1.869737611806433E-002
  -1.001112737602776E-002
   1.276723826433670E-003
   7.736658865638209E-003
   3.016110396545422E-003
  -1.643156283503906E-002
  -6.030442767319450E-003
  -1.226003627004951E-003
  -1.463765779994673E-003
   1.352530697032344E-003
  -2.201726000935600E-003
   0.000000000000000E+000
   1.065961583314626E-001
   3.860555285553016E-003
   1.142498725831599E-003
  -4.905228942235829E-003
   6.459612130525609E-003
  -3.249334297567018E-003
  -7.310891433132024E-003
   3.360719256574034E-004
   5.188785502792236E-004
  -5.599141712358882E-004
   3.759141206286916E-003
  -3.518126010091368E-003
  -1.296545061780650E-003
   1.802625079778606E-002
  -7.079787136077997E-003
   1.128695255588093E-002
   0.000000000000000E+000
   5.688649286592096E-003
   5.137656998064941E-002
  -2.179638786364501E-002
  -7.934273822513255E-002
  -3.503702043093437E-002
  -3.944351162139742E-002
  -7.363563008255143E-002
  -2.838015677354710E-002
   8.456568709225691E-003
   3.030739145575263E-002
   1.849274656638340E-002
  -6.596953046468496E-002
  -3.336639691423550E-002
  -5.327021001970862E-003
  -1.261644150464908E-002
   9.595472877153217E-003
  -7.547330188488556E-003
   0.000000000000000E+000
   0.000000000000000E+000
   0.000000000000000E+000
   4.234447686017871E-001
   1.352302695956318E-002
   3.511007050205227E-003
  -2.151085423449500E-002
   2.161283316830286E-002
  -1.402093520415613E-002
  -2.104554106949521E-002
   2.241567234226390E-003
   2.095008812966136E-003
  -3.389728759030047E-003
   1.380024224439545E-002
  -1.987055847752152E-002
  -5.674974243716246E-003
   6.856709591801109E-002
  -3.570419209162084E-002
   5.475681287974712E-002
   0.000000000000000E+000
   0.000000000000000E+000
   0.000000000000000E+000
   3.234567856225185E-002
   2.193103272456744E-001
       21.700925639143303
        5.131533696006855
        6.576068866859890
       -2.074511399946571
        2.067962576028352
       13.712372544420802
  -7.637782782937452E-002
        2.206164376888819
        5.845104253766675
       22.804612719483998
        3.673318666955576
        3.292745677742117
        2.724171740629166
        4.192138584522495
        8.142533723371923
        7.239230795605847
        4.123209476853728
        1.230589908213932
       -4.201294401163549
        5.375143888265278
       22.104602704683405
  -6.299121740208482E-001
       -1.417310243059759
       -1.198678638028128
   3.527579491180753E-001
  -8.284068642375055E-001
       -1.124311628799700
       12.988401609308294
  -9.336651610745262E-001
  -7.340311380565340E-001
  -8.593205865606056E-001
  -9.254330811812644E-001
  -8.815375716422981E-001
  -5.732929502955806E-001
        2.092581968731033
        3.686968461027985
       -1.039396601417538
   1.561027165628940E-001
        1.619861386677719
  -1.271107262698361E-001
   1.750094425047668E-001
        1.073873109437619
   1.810638940539224E-003
   9.880918086623542E-001
        7.598949587854166
        2.458269822394535
        1.997816335370086
        1.829397326813498
        2.937742631663088
        2.823631072813998
        4.118118642716710
  -8.801059451715075E-001
       -1.274146282545018
       -1.427068345293343
        9.273272878093323
        3.628418069259718
        3.629433606019698
        3.037751025663503
        6.382668877236032
        3.868057862476980
        1.928180920641743
       -1.383829089427212
       -1.871186519249917
  -6.937929011723719E-001
   7.430127141037305E-001
       16.542972377488148
        6.324246125346574
        3.991685720705725
        3.900284225882970
        9.718998545725697
        4.408329568221178
        3.487073852043441
       -1.106849836957611
  -2.831956178120641E-001
        2.817996330796215
  -8.775576341723533E-001
       13.603795003001794
       61.645980100113114
       18.397394475964084
        4.016518333132547
      -12.822206212843168
      -24.294070400666406
   5.543798279376629E-001
       18.563941606820606
  -9.468699343668710E-002
   6.004046919300234E-001
  -1.020130859043643E-001
   2.389076757122199E-002
       -3.573332899237250
       -3.534806296973246
       66.846037370398804
       -4.572432076194191
       -1.553495745693707
   9.333607824333787E-001
   1.898749714273326E-002
  -5.827235075842743E-001
       -2.048340769740503
        1.152953275131821
  -1.305514334659956E-001
       -2.026352343081077
  -4.117840904628184E-001
  -4.194784605643268E-002
       -2.981405312166770
       -6.174545041581093
        9.850174686065902
       13.482752054972826
        4.111953810414295
       -6.779356380404194
       -1.794500629152564
   5.286030029032042E-001
        2.232445347199568
        1.316460410691378
   2.379552283899972E-001
        1.546486602359103
       -7.641124685056648
       10.427433106831810
       18.610316710784083
       26.677138132597396
       -6.735612337557416
       48.590395718452619
      -11.186836894641100
       -2.764000314695100
        6.744340642464376
        8.009231714655556
   1.784694211002908E-002
       -6.071895145848097
  -4.590417146866421E-001
  -2.313473654067707E-001
       -1.207915444119246
   9.799968755120538E-001
   3.654635272597332E-001
       -3.071782537501249
      -30.875363566850872
        6.423193552018125
      -22.180967170278272
       24.528327050134767
        4.241281096694736
        3.668441099490450
        2.131975881686962
        3.889740993525801
        4.334253021827425
        6.216123030966092
  -8.331580546318296E-001
       -1.155266595627319
   2.586083705653999E-001
        3.719405635703369
        3.836275010248157
        3.480301175645412
        2.503480778519638
       -1.901585739357610
        3.175092582135481
       -1.945134978643558
       25.115083906808934
      -11.460953977310259
       -2.300001818176688
        7.886957407725845
        5.811650142499444
   4.218646468512454E-001
       -3.076822532291305
        1.153994196826001
   2.122874223192745E-001
  -1.246952518275614E-002
   8.040692284085381E-001
  -6.179086420444448E-001
       -5.287718417768970
      -30.007342888009369
        3.791406883108749
      -20.494606330750024
       16.846958255328904
   8.824120307387313E-001
       61.167049772553128
        4.917844107126183
        4.051663939336454
        1.936610430321859
        3.622431241593342
        4.221290595624591
        4.885308665476738
       -1.514437769593615
       -1.326625577337865
  -5.079671574261442E-001
        3.305488043195789
        4.037144619986374
        4.984350047365895
        4.182779468871622
       -1.759669635098904
        4.772647370510238
       -2.980396365656096
        3.993193348177654
       -2.797098452160196
        9.474116530165068
      -10.532841568048369
       -2.513951738996971
        7.301512054754610
        6.290901709113355
  -3.053928850903169E-001
       -5.334554559076183
   2.222062097675620E-002
  -2.351032079127967E-001
  -3.404331230617290E-001
        1.089102755298983
  -3.623109571320540E-001
       -2.921886762144305
      -28.270054719258333
        5.671996100975242
      -21.533023581534572
       16.672498325760920
       -1.896592653563220
       16.026731581073793
       -3.986148517334122
       24.968433438956627
