   7.690713091694989E-004
           3
          12
          28
   4.534409501053127E-001
   0.000000000000000E+000
   0.000000000000000E+000
   0.000000000000000E+000
   0.000000000000000E+000
   0.000000000000000E+000
   0.000000000000000E+000
   0.000000000000000E+000
   0.000000000000000E+000
   0.000000000000000E+000
   0.000000000000000E+000
   2.280745286583263E-001
   0.000000000000000E+000
   0.000000000000000E+000
   0.000000000000000E+000
   0.000000000000000E+000
   0.000000000000000E+000
   0.000000000000000E+000
   0.000000000000000E+000
   0.000000000000000E+000
   0.000000000000000E+000
   0.000000000000000E+000
   0.000000000000000E+000
   0.000000000000000E+000
   0.000000000000000E+000
   0.000000000000000E+000
   0.000000000000000E+000
   0.000000000000000E+000
   0.000000000000000E+000
   4.534409501053127E-001
   0.000000000000000E+000
   0.000000000000000E+000
   0.000000000000000E+000
   0.000000000000000E+000
   0.000000000000000E+000
   0.000000000000000E+000
   0.000000000000000E+000
   0.000000000000000E+000
   0.000000000000000E+000
   1.080985466486597E-001
   0.000000000000000E+000
   0.000000000000000E+000
   0.000000000000000E+000
   0.000000000000000E+000
   0.000000000000000E+000
   0.000000000000000E+000
   0.000000000000000E+000
   0.000000000000000E+000
   0.000000000000000E+000
   0.000000000000000E+000
   0.000000000000000E+000
   0.000000000000000E+000
   0.000000000000000E+000
   0.000000000000000E+000
   0.000000000000000E+000
   0.000000000000000E+000
   0.000000000000000E+000
   0.000000000000000E+000
   4.534409501053127E-001
   0.000000000000000E+000
   0.000000000000000E+000
   0.000000000000000E+000
   0.000000000000000E+000
   0.000000000000000E+000
   0.000000000000000E+000
   0.000000000000000E+000
   0.000000000000000E+000
   1.130050873912535E-002
   0.000000000000000E+000
   0.000000000000000E+000
   0.000000000000000E+000
   0.000000000000000E+000
   0.000000000000000E+000
   0.000000000000000E+000
   0.000000000000000E+000
   0.000000000000000E+000
   0.000000000000000E+000
   0.000000000000000E+000
   0.000000000000000E+000
   0.000000000000000E+000
   0.000000000000000E+000
   0.000000000000000E+000
   0.000000000000000E+000
   0.000000000000000E+000
   0.000000000000000E+000
   0.000000000000000E+000
   0.000000000000000E+000
   6.709745401154028E-001
   0.000000000000000E+000
   0.000000000000000E+000
   0.000000000000000E+000
   0.000000000000000E+000
   0.000000000000000E+000
        1.681068469594525
   0.000000000000000E+000
   1.223093131364266E-001
   0.000000000000000E+000
   0.000000000000000E+000
   0.000000000000000E+000
   0.000000000000000E+000
   0.000000000000000E+000
   0.000000000000000E+000
   0.000000000000000E+000
   0.000000000000000E+000
   0.000000000000000E+000
   0.000000000000000E+000
   0.000000000000000E+000
   0.000000000000000E+000
   0.000000000000000E+000
   0.000000000000000E+000
   0.000000000000000E+000
   0.000000000000000E+000
   0.000000000000000E+000
   0.000000000000000E+000
   0.000000000000000E+000
   0.000000000000000E+000
   6.709745401154028E-001
   0.000000000000000E+000
   0.000000000000000E+000
   0.000000000000000E+000
   0.000000000000000E+000
   6.872232428343418E-001
   0.000000000000000E+000
   5.000022564383108E-002
   0.000000000000000E+000
   0.000000000000000E+000
   0.000000000000000E+000
   0.000000000000000E+000
   0.000000000000000E+000
   0.000000000000000E+000
   0.000000000000000E+000
   0.000000000000000E+000
   0.000000000000000E+000
   0.000000000000000E+000
   0.000000000000000E+000
   0.000000000000000E+000
   0.000000000000000E+000
   0.000000000000000E+000
   0.000000000000000E+000
   0.000000000000000E+000
   0.000000000000000E+000
   0.000000000000000E+000
   0.000000000000000E+000
   0.000000000000000E+000
   0.000000000000000E+000
   6.709745401154028E-001
   0.000000000000000E+000
   0.000000000000000E+000
   0.000000000000000E+000
  -4.571845946432728E-001
   0.000000000000000E+000
  -3.326332910215237E-002
   0.000000000000000E+000
   0.000000000000000E+000
   0.000000000000000E+000
   0.000000000000000E+000
   0.000000000000000E+000
   0.000000000000000E+000
   0.000000000000000E+000
   0.000000000000000E+000
   0.000000000000000E+000
   0.000000000000000E+000
   0.000000000000000E+000
   0.000000000000000E+000
   0.000000000000000E+000
   0.000000000000000E+000
   0.000000000000000E+000
   0.000000000000000E+000
   0.000000000000000E+000
   0.000000000000000E+000
   0.000000000000000E+000
   0.000000000000000E+000
   0.000000000000000E+000
   0.000000000000000E+000
   6.004842606416421E-001
   0.000000000000000E+000
   0.000000000000000E+000
   0.000000000000000E+000
        1.304492081433745
   1.143702226163734E-001
   0.000000000000000E+000
   0.000000000000000E+000
   0.000000000000000E+000
   0.000000000000000E+000
   0.000000000000000E+000
   0.000000000000000E+000
   0.000000000000000E+000
   0.000000000000000E+000
   0.000000000000000E+000
   0.000000000000000E+000
   0.000000000000000E+000
   0.000000000000000E+000
   0.000000000000000E+000
   0.000000000000000E+000
   0.000000000000000E+000
   0.000000000000000E+000
   0.000000000000000E+000
   0.000000000000000E+000
   0.000000000000000E+000
   0.000000000000000E+000
   0.000000000000000E+000
   0.000000000000000E+000
   0.000000000000000E+000
   6.004842606416421E-001
   0.000000000000000E+000
   0.000000000000000E+000
   4.186824083379218E-001
   3.670762048209453E-002
   0.000000000000000E+000
   0.000000000000000E+000
   0.000000000000000E+000
   0.000000000000000E+000
   0.000000000000000E+000
   0.000000000000000E+000
   0.000000000000000E+000
   0.000000000000000E+000
   0.000000000000000E+000
   0.000000000000000E+000
   0.000000000000000E+000
   0.000000000000000E+000
   0.000000000000000E+000
   0.000000000000000E+000
   0.000000000000000E+000
   0.000000000000000E+000
   0.000000000000000E+000
   0.000000000000000E+000
   0.000000000000000E+000
   0.000000000000000E+000
   0.000000000000000E+000
   0.000000000000000E+000
   0.000000000000000E+000
   0.000000000000000E+000
   6.004842606416421E-001
   0.000000000000000E+000
  -5.869575952917834E-001
  -5.146100294155141E-002
   0.000000000000000E+000
   0.000000000000000E+000
   0.000000000000000E+000
   0.000000000000000E+000
   0.000000000000000E+000
   0.000000000000000E+000
   0.000000000000000E+000
   0.000000000000000E+000
   0.000000000000000E+000
   0.000000000000000E+000
   0.000000000000000E+000
   0.000000000000000E+000
   0.000000000000000E+000
   0.000000000000000E+000
   0.000000000000000E+000
   0.000000000000000E+000
   0.000000000000000E+000
   0.000000000000000E+000
   0.000000000000000E+000
   0.000000000000000E+000
   0.000000000000000E+000
   0.000000000000000E+000
   0.000000000000000E+000
   0.000000000000000E+000
   0.000000000000000E+000
   5.292146612367834E-001
   0.000000000000000E+000
   5.608872983316414E-002
   0.000000000000000E+000
   0.000000000000000E+000
   0.000000000000000E+000
   0.000000000000000E+000
   0.000000000000000E+000
   0.000000000000000E+000
   0.000000000000000E+000
   0.000000000000000E+000
   0.000000000000000E+000
   0.000000000000000E+000
   0.000000000000000E+000
   0.000000000000000E+000
   0.000000000000000E+000
   0.000000000000000E+000
   0.000000000000000E+000
   0.000000000000000E+000
   0.000000000000000E+000
   0.000000000000000E+000
   0.000000000000000E+000
   0.000000000000000E+000
   0.000000000000000E+000
   0.000000000000000E+000
   0.000000000000000E+000
   0.000000000000000E+000
   0.000000000000000E+000
   0.000000000000000E+000
   3.793312559066406E-001
   5.222147307221325E-002
   0.000000000000000E+000
   0.000000000000000E+000
   0.000000000000000E+000
   0.000000000000000E+000
   0.000000000000000E+000
   0.000000000000000E+000
   0.000000000000000E+000
   0.000000000000000E+000
   0.000000000000000E+000
   0.000000000000000E+000
   0.000000000000000E+000
   0.000000000000000E+000
   0.000000000000000E+000
   0.000000000000000E+000
   0.000000000000000E+000
   0.000000000000000E+000
   0.000000000000000E+000
   0.000000000000000E+000
   0.000000000000000E+000
   0.000000000000000E+000
   0.000000000000000E+000
   0.000000000000000E+000
   0.000000000000000E+000
   0.000000000000000E+000
   0.000000000000000E+000
   4.747962464162666E-001
   3.155738852800770E-001
   6.221236740508264E-002
   0.000000000000000E+000
   0.000000000000000E+000
   0.000000000000000E+000
   0.000000000000000E+000
   0.000000000000000E+000
   0.000000000000000E+000
   0.000000000000000E+000
   0.000000000000000E+000
   0.000000000000000E+000
   0.000000000000000E+000
   0.000000000000000E+000
   0.000000000000000E+000
   0.000000000000000E+000
   0.000000000000000E+000
   0.000000000000000E+000
   0.000000000000000E+000
   4.856966501557872E-001
   0.000000000000000E+000
   0.000000000000000E+000
   0.000000000000000E+000
   0.000000000000000E+000
   0.000000000000000E+000
   0.000000000000000E+000
   0.000000000000000E+000
   0.000000000000000E+000
   0.000000000000000E+000
   0.000000000000000E+000
   0.000000000000000E+000
   0.000000000000000E+000
   0.000000000000000E+000
   0.000000000000000E+000
   0.000000000000000E+000
   0.000000000000000E+000
   0.000000000000000E+000
  -4.856966501557872E-001
   3.032226659772896E-001
   0.000000000000000E+000
   0.000000000000000E+000
   0.000000000000000E+000
   0.000000000000000E+000
   0.000000000000000E+000
   0.000000000000000E+000
   0.000000000000000E+000
   0.000000000000000E+000
   0.000000000000000E+000
   4.856966501557872E-001
   0.000000000000000E+000
   0.000000000000000E+000
   0.000000000000000E+000
   0.000000000000000E+000
   0.000000000000000E+000
   0.000000000000000E+000
   0.000000000000000E+000
   0.000000000000000E+000
   0.000000000000000E+000
   0.000000000000000E+000
   0.000000000000000E+000
   0.000000000000000E+000
   0.000000000000000E+000
   0.000000000000000E+000
   0.000000000000000E+000
   0.000000000000000E+000
  -4.856966501557872E-001
   1.557785580726442E-001
   0.000000000000000E+000
   0.000000000000000E+000
   0.000000000000000E+000
   0.000000000000000E+000
   0.000000000000000E+000
   0.000000000000000E+000
   0.000000000000000E+000
   0.000000000000000E+000
   0.000000000000000E+000
   0.000000000000000E+000
   4.856966501557872E-001
   0.000000000000000E+000
   0.000000000000000E+000
   0.000000000000000E+000
   0.000000000000000E+000
   0.000000000000000E+000
   0.000000000000000E+000
   0.000000000000000E+000
   0.000000000000000E+000
   0.000000000000000E+000
   0.000000000000000E+000
   0.000000000000000E+000
   0.000000000000000E+000
   0.000000000000000E+000
   0.000000000000000E+000
   0.000000000000000E+000
  -4.856966501557872E-001
   3.681891208832205E-002
   0.000000000000000E+000
   0.000000000000000E+000
   0.000000000000000E+000
   0.000000000000000E+000
   0.000000000000000E+000
   0.000000000000000E+000
   0.000000000000000E+000
   0.000000000000000E+000
   0.000000000000000E+000
   0.000000000000000E+000
   0.000000000000000E+000
   7.709056826041900E-001
   0.000000000000000E+000
   0.000000000000000E+000
   0.000000000000000E+000
   0.000000000000000E+000
   0.000000000000000E+000
   0.000000000000000E+000
   0.000000000000000E+000
   0.000000000000000E+000
   0.000000000000000E+000
   0.000000000000000E+000
   0.000000000000000E+000
   0.000000000000000E+000
        1.562011244910231
   0.000000000000000E+000
  -3.539119554565253E-001
   1.325631241005083E-001
   0.000000000000000E+000
   0.000000000000000E+000
   0.000000000000000E+000
   0.000000000000000E+000
   0.000000000000000E+000
   0.000000000000000E+000
   0.000000000000000E+000
   0.000000000000000E+000
   0.000000000000000E+000
   0.000000000000000E+000
   0.000000000000000E+000
   0.000000000000000E+000
   0.000000000000000E+000
   0.000000000000000E+000
   0.000000000000000E+000
   0.000000000000000E+000
   0.000000000000000E+000
   0.000000000000000E+000
   0.000000000000000E+000
   0.000000000000000E+000
   7.709056826041900E-001
   0.000000000000000E+000
   0.000000000000000E+000
   0.000000000000000E+000
   4.731092972432143E-001
   0.000000000000000E+000
  -3.539119554565253E-001
   5.539579215761119E-002
   0.000000000000000E+000
   0.000000000000000E+000
   0.000000000000000E+000
   0.000000000000000E+000
   0.000000000000000E+000
   0.000000000000000E+000
   0.000000000000000E+000
   0.000000000000000E+000
   0.000000000000000E+000
   0.000000000000000E+000
   0.000000000000000E+000
   0.000000000000000E+000
   0.000000000000000E+000
   0.000000000000000E+000
   0.000000000000000E+000
   0.000000000000000E+000
   0.000000000000000E+000
   0.000000000000000E+000
   0.000000000000000E+000
   0.000000000000000E+000
   0.000000000000000E+000
   7.709056826041900E-001
   0.000000000000000E+000
   0.000000000000000E+000
  -5.877876996531239E-001
   0.000000000000000E+000
  -3.539119554565253E-001
  -1.978690991406970E-002
   0.000000000000000E+000
   0.000000000000000E+000
   0.000000000000000E+000
   0.000000000000000E+000
   0.000000000000000E+000
   0.000000000000000E+000
   0.000000000000000E+000
   0.000000000000000E+000
   0.000000000000000E+000
   0.000000000000000E+000
   0.000000000000000E+000
   0.000000000000000E+000
   0.000000000000000E+000
   0.000000000000000E+000
   7.899007863415065E-001
   0.000000000000000E+000
   0.000000000000000E+000
   0.000000000000000E+000
   0.000000000000000E+000
   0.000000000000000E+000
   0.000000000000000E+000
   0.000000000000000E+000
   0.000000000000000E+000
   0.000000000000000E+000
   0.000000000000000E+000
        1.387726278214589
  -3.407352402830139E-001
   1.134594867233649E-001
   0.000000000000000E+000
   0.000000000000000E+000
   0.000000000000000E+000
   0.000000000000000E+000
   0.000000000000000E+000
   0.000000000000000E+000
   0.000000000000000E+000
   0.000000000000000E+000
   0.000000000000000E+000
   0.000000000000000E+000
   0.000000000000000E+000
   0.000000000000000E+000
   0.000000000000000E+000
   0.000000000000000E+000
   0.000000000000000E+000
   0.000000000000000E+000
   0.000000000000000E+000
   0.000000000000000E+000
   0.000000000000000E+000
   0.000000000000000E+000
   0.000000000000000E+000
   0.000000000000000E+000
   7.899007863415065E-001
   0.000000000000000E+000
   0.000000000000000E+000
   2.604055674364595E-001
  -3.407352402830139E-001
   3.839358332863584E-002
   0.000000000000000E+000
   0.000000000000000E+000
   0.000000000000000E+000
   0.000000000000000E+000
   0.000000000000000E+000
   0.000000000000000E+000
   0.000000000000000E+000
   0.000000000000000E+000
   0.000000000000000E+000
   0.000000000000000E+000
   0.000000000000000E+000
   0.000000000000000E+000
   0.000000000000000E+000
   0.000000000000000E+000
   0.000000000000000E+000
   0.000000000000000E+000
   0.000000000000000E+000
   0.000000000000000E+000
   0.000000000000000E+000
   0.000000000000000E+000
   0.000000000000000E+000
   0.000000000000000E+000
   0.000000000000000E+000
   7.899007863415065E-001
   0.000000000000000E+000
  -6.914503726995148E-001
  -3.407352402830139E-001
  -2.498849185618589E-002
   0.000000000000000E+000
   0.000000000000000E+000
   0.000000000000000E+000
   0.000000000000000E+000
   0.000000000000000E+000
   0.000000000000000E+000
   0.000000000000000E+000
   0.000000000000000E+000
   0.000000000000000E+000
   0.000000000000000E+000
   0.000000000000000E+000
   0.000000000000000E+000
   0.000000000000000E+000
   0.000000000000000E+000
   0.000000000000000E+000
   0.000000000000000E+000
   0.000000000000000E+000
   0.000000000000000E+000
   0.000000000000000E+000
   0.000000000000000E+000
   0.000000000000000E+000
   0.000000000000000E+000
   0.000000000000000E+000
   0.000000000000000E+000
   7.207557737436465E-001
   0.000000000000000E+000
   0.000000000000000E+000
   7.135286324910436E-002
   0.000000000000000E+000
   0.000000000000000E+000
   0.000000000000000E+000
   0.000000000000000E+000
   0.000000000000000E+000
   0.000000000000000E+000
   0.000000000000000E+000
   0.000000000000000E+000
   0.000000000000000E+000
   0.000000000000000E+000
   0.000000000000000E+000
   0.000000000000000E+000
   0.000000000000000E+000
   0.000000000000000E+000
   0.000000000000000E+000
   0.000000000000000E+000
   0.000000000000000E+000
   0.000000000000000E+000
   0.000000000000000E+000
   0.000000000000000E+000
   0.000000000000000E+000
   0.000000000000000E+000
   0.000000000000000E+000
   0.000000000000000E+000
   0.000000000000000E+000
   7.753575631357836E-001
   0.000000000000000E+000
   7.114953673281833E-002
   0.000000000000000E+000
   0.000000000000000E+000
   0.000000000000000E+000
   0.000000000000000E+000
   0.000000000000000E+000
   0.000000000000000E+000
   0.000000000000000E+000
   0.000000000000000E+000
   0.000000000000000E+000
   0.000000000000000E+000
   0.000000000000000E+000
   0.000000000000000E+000
   0.000000000000000E+000
   0.000000000000000E+000
   0.000000000000000E+000
   0.000000000000000E+000
   0.000000000000000E+000
   0.000000000000000E+000
   0.000000000000000E+000
   0.000000000000000E+000
   0.000000000000000E+000
   0.000000000000000E+000
   0.000000000000000E+000
   0.000000000000000E+000
   5.056384302282896E-001
   5.649788016025539E-001
   0.000000000000000E+000
   7.345387749546319E-002
   0.000000000000000E+000
   0.000000000000000E+000
   0.000000000000000E+000
   0.000000000000000E+000
   0.000000000000000E+000
   0.000000000000000E+000
   0.000000000000000E+000
   0.000000000000000E+000
   4.192190842498517E-001
   0.000000000000000E+000
   0.000000000000000E+000
   0.000000000000000E+000
   0.000000000000000E+000
   0.000000000000000E+000
   0.000000000000000E+000
   0.000000000000000E+000
   0.000000000000000E+000
   0.000000000000000E+000
   0.000000000000000E+000
   0.000000000000000E+000
   0.000000000000000E+000
   0.000000000000000E+000
   0.000000000000000E+000
   0.000000000000000E+000
   0.000000000000000E+000
   0.000000000000000E+000
   0.000000000000000E+000
   0.000000000000000E+000
   0.000000000000000E+000
   0.000000000000000E+000
   0.000000000000000E+000
   0.000000000000000E+000
   0.000000000000000E+000
   0.000000000000000E+000
  -4.192190842498517E-001
   1.965896909298113E-001
   0.000000000000000E+000
   4.192190842498517E-001
   0.000000000000000E+000
   0.000000000000000E+000
   0.000000000000000E+000
   0.000000000000000E+000
   0.000000000000000E+000
   0.000000000000000E+000
   0.000000000000000E+000
   0.000000000000000E+000
   0.000000000000000E+000
   0.000000000000000E+000
   0.000000000000000E+000
   0.000000000000000E+000
   0.000000000000000E+000
   0.000000000000000E+000
   0.000000000000000E+000
   0.000000000000000E+000
   0.000000000000000E+000
   0.000000000000000E+000
   0.000000000000000E+000
   0.000000000000000E+000
   0.000000000000000E+000
   0.000000000000000E+000
   0.000000000000000E+000
   0.000000000000000E+000
  -4.192190842498517E-001
   1.017794538528984E-001
   0.000000000000000E+000
   0.000000000000000E+000
   4.192190842498517E-001
   0.000000000000000E+000
   0.000000000000000E+000
   0.000000000000000E+000
   0.000000000000000E+000
   0.000000000000000E+000
   0.000000000000000E+000
   0.000000000000000E+000
   0.000000000000000E+000
   0.000000000000000E+000
   0.000000000000000E+000
   0.000000000000000E+000
   0.000000000000000E+000
   0.000000000000000E+000
   0.000000000000000E+000
   0.000000000000000E+000
   0.000000000000000E+000
   0.000000000000000E+000
   0.000000000000000E+000
   0.000000000000000E+000
   0.000000000000000E+000
   0.000000000000000E+000
   0.000000000000000E+000
   0.000000000000000E+000
  -4.192190842498517E-001
   2.528543589150752E-002
   0.000000000000000E+000
   0.000000000000000E+000
   0.000000000000000E+000
   6.882975612348271E-001
   0.000000000000000E+000
   0.000000000000000E+000
   0.000000000000000E+000
   0.000000000000000E+000
   0.000000000000000E+000
   0.000000000000000E+000
   0.000000000000000E+000
   0.000000000000000E+000
   0.000000000000000E+000
   0.000000000000000E+000
   0.000000000000000E+000
   0.000000000000000E+000
   0.000000000000000E+000
   0.000000000000000E+000
   0.000000000000000E+000
   0.000000000000000E+000
   0.000000000000000E+000
   0.000000000000000E+000
   0.000000000000000E+000
   0.000000000000000E+000
        1.762064103344035
   0.000000000000000E+000
  -3.349691041784522E-001
   1.072746286016826E-001
   0.000000000000000E+000
   0.000000000000000E+000
   0.000000000000000E+000
   0.000000000000000E+000
   0.000000000000000E+000
   0.000000000000000E+000
   0.000000000000000E+000
   0.000000000000000E+000
   0.000000000000000E+000
   0.000000000000000E+000
   0.000000000000000E+000
   0.000000000000000E+000
   0.000000000000000E+000
   0.000000000000000E+000
   0.000000000000000E+000
   0.000000000000000E+000
   0.000000000000000E+000
   0.000000000000000E+000
   0.000000000000000E+000
   0.000000000000000E+000
   6.882975612348271E-001
   0.000000000000000E+000
   0.000000000000000E+000
   0.000000000000000E+000
   6.586700889798256E-001
   0.000000000000000E+000
  -3.349691041784522E-001
   5.002806007490802E-002
   0.000000000000000E+000
   0.000000000000000E+000
   0.000000000000000E+000
   0.000000000000000E+000
   0.000000000000000E+000
   0.000000000000000E+000
   0.000000000000000E+000
   0.000000000000000E+000
   0.000000000000000E+000
   0.000000000000000E+000
   0.000000000000000E+000
   0.000000000000000E+000
   0.000000000000000E+000
   0.000000000000000E+000
   0.000000000000000E+000
   0.000000000000000E+000
   0.000000000000000E+000
   0.000000000000000E+000
   0.000000000000000E+000
   0.000000000000000E+000
   0.000000000000000E+000
   6.882975612348271E-001
   0.000000000000000E+000
   0.000000000000000E+000
  -4.909344079705864E-001
   0.000000000000000E+000
  -3.349691041784522E-001
  -9.616012447346089E-003
   0.000000000000000E+000
   0.000000000000000E+000
   0.000000000000000E+000
   0.000000000000000E+000
   0.000000000000000E+000
   0.000000000000000E+000
   6.738611038087310E-001
   0.000000000000000E+000
   0.000000000000000E+000
   0.000000000000000E+000
   0.000000000000000E+000
   0.000000000000000E+000
   0.000000000000000E+000
   0.000000000000000E+000
   0.000000000000000E+000
   0.000000000000000E+000
   0.000000000000000E+000
   0.000000000000000E+000
   0.000000000000000E+000
   0.000000000000000E+000
   0.000000000000000E+000
   0.000000000000000E+000
   0.000000000000000E+000
   0.000000000000000E+000
   0.000000000000000E+000
        1.536546816448327
  -3.411702568428129E-001
   9.908310035968849E-002
   0.000000000000000E+000
   0.000000000000000E+000
   0.000000000000000E+000
   0.000000000000000E+000
   0.000000000000000E+000
   0.000000000000000E+000
   0.000000000000000E+000
   0.000000000000000E+000
   0.000000000000000E+000
   0.000000000000000E+000
   0.000000000000000E+000
   0.000000000000000E+000
   0.000000000000000E+000
   0.000000000000000E+000
   0.000000000000000E+000
   0.000000000000000E+000
   0.000000000000000E+000
   0.000000000000000E+000
   0.000000000000000E+000
   0.000000000000000E+000
   0.000000000000000E+000
   0.000000000000000E+000
   6.738611038087310E-001
   0.000000000000000E+000
   0.000000000000000E+000
   4.115370299877588E-001
  -3.411702568428129E-001
   3.836091567041914E-002
   0.000000000000000E+000
   0.000000000000000E+000
   0.000000000000000E+000
   0.000000000000000E+000
   0.000000000000000E+000
   0.000000000000000E+000
   0.000000000000000E+000
   0.000000000000000E+000
   0.000000000000000E+000
   0.000000000000000E+000
   0.000000000000000E+000
   0.000000000000000E+000
   0.000000000000000E+000
   0.000000000000000E+000
   0.000000000000000E+000
   0.000000000000000E+000
   0.000000000000000E+000
   0.000000000000000E+000
   0.000000000000000E+000
   0.000000000000000E+000
   0.000000000000000E+000
   0.000000000000000E+000
   0.000000000000000E+000
   6.738611038087310E-001
   0.000000000000000E+000
  -5.883873832577755E-001
  -3.411702568428129E-001
  -1.560981029760139E-002
   0.000000000000000E+000
   0.000000000000000E+000
   0.000000000000000E+000
   0.000000000000000E+000
   0.000000000000000E+000
   0.000000000000000E+000
   0.000000000000000E+000
   0.000000000000000E+000
   0.000000000000000E+000
   0.000000000000000E+000
   0.000000000000000E+000
   0.000000000000000E+000
   0.000000000000000E+000
   0.000000000000000E+000
   0.000000000000000E+000
   0.000000000000000E+000
   0.000000000000000E+000
   0.000000000000000E+000
   0.000000000000000E+000
   0.000000000000000E+000
   0.000000000000000E+000
   0.000000000000000E+000
   0.000000000000000E+000
   0.000000000000000E+000
   6.411349129681501E-001
   0.000000000000000E+000
   0.000000000000000E+000
   4.560303374859234E-002
   0.000000000000000E+000
   0.000000000000000E+000
   0.000000000000000E+000
   0.000000000000000E+000
   0.000000000000000E+000
   0.000000000000000E+000
   0.000000000000000E+000
   0.000000000000000E+000
   0.000000000000000E+000
   0.000000000000000E+000
   0.000000000000000E+000
   0.000000000000000E+000
   0.000000000000000E+000
   0.000000000000000E+000
   0.000000000000000E+000
   0.000000000000000E+000
   0.000000000000000E+000
   0.000000000000000E+000
   0.000000000000000E+000
   0.000000000000000E+000
   0.000000000000000E+000
   0.000000000000000E+000
   0.000000000000000E+000
   0.000000000000000E+000
   0.000000000000000E+000
   6.016333493150403E-001
   0.000000000000000E+000
   4.504098903427847E-002
   0.000000000000000E+000
   0.000000000000000E+000
   0.000000000000000E+000
   0.000000000000000E+000
   0.000000000000000E+000
   0.000000000000000E+000
   0.000000000000000E+000
   0.000000000000000E+000
   0.000000000000000E+000
   0.000000000000000E+000
   0.000000000000000E+000
   0.000000000000000E+000
   0.000000000000000E+000
   0.000000000000000E+000
   0.000000000000000E+000
   0.000000000000000E+000
   0.000000000000000E+000
   0.000000000000000E+000
   0.000000000000000E+000
   0.000000000000000E+000
   0.000000000000000E+000
   0.000000000000000E+000
   0.000000000000000E+000
   0.000000000000000E+000
   5.217705279797640E-001
   4.807237829464633E-001
   0.000000000000000E+000
   5.301760387095131E-002
   1.432391490393899E-002
   0.000000000000000E+000
   6.237734627090022E-002
   0.000000000000000E+000
   0.000000000000000E+000
   8.996867716155464E-002
   0.000000000000000E+000
   0.000000000000000E+000
   0.000000000000000E+000
   6.649406559974944E-002
   0.000000000000000E+000
   0.000000000000000E+000
   0.000000000000000E+000
   0.000000000000000E+000
   1.145801738174387E-001
   0.000000000000000E+000
   0.000000000000000E+000
   0.000000000000000E+000
   0.000000000000000E+000
   0.000000000000000E+000
   1.164405861963077E-001
   0.000000000000000E+000
   0.000000000000000E+000
   0.000000000000000E+000
   0.000000000000000E+000
   0.000000000000000E+000
   0.000000000000000E+000
   9.036415574739672E-002
   0.000000000000000E+000
   0.000000000000000E+000
   0.000000000000000E+000
   0.000000000000000E+000
   0.000000000000000E+000
   0.000000000000000E+000
   0.000000000000000E+000
   9.523544806644689E-002
   0.000000000000000E+000
   0.000000000000000E+000
   0.000000000000000E+000
   0.000000000000000E+000
   0.000000000000000E+000
   0.000000000000000E+000
   0.000000000000000E+000
   0.000000000000000E+000
   9.324036751078617E-002
   0.000000000000000E+000
   0.000000000000000E+000
   0.000000000000000E+000
   1.101864222187303E-001
   1.173549127539171E-001
  -7.933958595661172E-002
   0.000000000000000E+000
   0.000000000000000E+000
   0.000000000000000E+000
   9.860213196150763E-001
   0.000000000000000E+000
   0.000000000000000E+000
   0.000000000000000E+000
   0.000000000000000E+000
   0.000000000000000E+000
   0.000000000000000E+000
   1.315047232395093E-001
   6.640208473240364E-002
  -9.114001063037674E-002
   1.579802539012063E-001
   7.162084558171962E-001
   4.751381046353283E-003
   9.657396733311282E-003
   1.410713935599942E-003
   8.016821362299312E-003
   8.538378437125148E-003
  -5.772501500323935E-003
   1.152956364095119E-002
   5.821745736232752E-003
  -7.990622138233535E-003
   9.549298970299119E-002
   8.379282265002472E-002
   2.137968326792715E-002
   0.000000000000000E+000
   0.000000000000000E+000
   0.000000000000000E+000
   0.000000000000000E+000
   0.000000000000000E+000
   0.000000000000000E+000
   0.000000000000000E+000
   0.000000000000000E+000
   0.000000000000000E+000
   0.000000000000000E+000
   0.000000000000000E+000
   0.000000000000000E+000
   2.046225789114541E-002
   0.000000000000000E+000
   0.000000000000000E+000
   0.000000000000000E+000
   0.000000000000000E+000
   0.000000000000000E+000
   0.000000000000000E+000
   0.000000000000000E+000
   0.000000000000000E+000
   0.000000000000000E+000
   0.000000000000000E+000
   0.000000000000000E+000
   0.000000000000000E+000
   0.000000000000000E+000
   2.426676903950708E-002
   0.000000000000000E+000
   0.000000000000000E+000
   0.000000000000000E+000
   0.000000000000000E+000
   0.000000000000000E+000
   0.000000000000000E+000
   0.000000000000000E+000
   0.000000000000000E+000
   0.000000000000000E+000
   0.000000000000000E+000
   0.000000000000000E+000
   0.000000000000000E+000
   0.000000000000000E+000
   0.000000000000000E+000
   2.272815534915868E-002
   0.000000000000000E+000
   0.000000000000000E+000
   0.000000000000000E+000
   0.000000000000000E+000
   0.000000000000000E+000
   0.000000000000000E+000
   0.000000000000000E+000
   0.000000000000000E+000
   0.000000000000000E+000
   0.000000000000000E+000
   0.000000000000000E+000
   0.000000000000000E+000
   0.000000000000000E+000
   0.000000000000000E+000
   0.000000000000000E+000
   2.381956303517854E-002
   0.000000000000000E+000
   0.000000000000000E+000
   0.000000000000000E+000
   1.066924567355181E-002
   0.000000000000000E+000
   0.000000000000000E+000
   0.000000000000000E+000
   0.000000000000000E+000
   0.000000000000000E+000
   0.000000000000000E+000
   0.000000000000000E+000
   0.000000000000000E+000
   1.255780657652737E-002
  -1.850253367384892E-002
   0.000000000000000E+000
   0.000000000000000E+000
   1.078643201255992E-001
   0.000000000000000E+000
   0.000000000000000E+000
   0.000000000000000E+000
   0.000000000000000E+000
   0.000000000000000E+000
   0.000000000000000E+000
   1.165580949261254E-002
   0.000000000000000E+000
   0.000000000000000E+000
   0.000000000000000E+000
   0.000000000000000E+000
   0.000000000000000E+000
   0.000000000000000E+000
   0.000000000000000E+000
   7.492761487039264E-003
  -2.085077774703355E-002
   2.750801890627144E-002
   1.298592867961402E-001
  -8.290570289909200E-004
  -5.702585587503949E-003
  -1.060902094711390E-002
  -2.417379267836064E-003
   0.000000000000000E+000
   0.000000000000000E+000
  -2.861908079789372E-003
   0.000000000000000E+000
   0.000000000000000E+000
   0.000000000000000E+000
   0.000000000000000E+000
   0.000000000000000E+000
  -9.393934779216304E-003
  -1.114053233382812E-002
  -9.804121742875541E-003
  -1.027491638768797E-002
  -2.168960024079659E-003
   7.342717489642221E-004
   3.757344558889064E-002
   5.175841391889461E-004
   1.829002855634834E-003
   8.042316319654770E-004
   9.054662973077009E-004
   0.000000000000000E+000
   0.000000000000000E+000
   9.529704691321310E-004
   0.000000000000000E+000
   0.000000000000000E+000
   0.000000000000000E+000
   0.000000000000000E+000
   0.000000000000000E+000
   1.470378297620256E-003
  -6.228574827315100E-004
   1.104715100165550E-003
  -7.535312879978946E-004
   1.072970176718949E-002
   1.200936012387738E-002
  -4.518156348523700E-003
   2.859950814248449E-003
   0.000000000000000E+000
   0.000000000000000E+000
   0.000000000000000E+000
   0.000000000000000E+000
   0.000000000000000E+000
   0.000000000000000E+000
   0.000000000000000E+000
   0.000000000000000E+000
   0.000000000000000E+000
   0.000000000000000E+000
   0.000000000000000E+000
   0.000000000000000E+000
   0.000000000000000E+000
   0.000000000000000E+000
   0.000000000000000E+000
   0.000000000000000E+000
   0.000000000000000E+000
   0.000000000000000E+000
   0.000000000000000E+000
   0.000000000000000E+000
   5.082306591502400E-002
   0.000000000000000E+000
   0.000000000000000E+000
   0.000000000000000E+000
   0.000000000000000E+000
   0.000000000000000E+000
   0.000000000000000E+000
   0.000000000000000E+000
   0.000000000000000E+000
   0.000000000000000E+000
   0.000000000000000E+000
   0.000000000000000E+000
   0.000000000000000E+000
   0.000000000000000E+000
   0.000000000000000E+000
   0.000000000000000E+000
   0.000000000000000E+000
   0.000000000000000E+000
   0.000000000000000E+000
   0.000000000000000E+000
   0.000000000000000E+000
   0.000000000000000E+000
   6.072490995179321E-002
   0.000000000000000E+000
   0.000000000000000E+000
   0.000000000000000E+000
   0.000000000000000E+000
   0.000000000000000E+000
   0.000000000000000E+000
   0.000000000000000E+000
   0.000000000000000E+000
   0.000000000000000E+000
   0.000000000000000E+000
   0.000000000000000E+000
   0.000000000000000E+000
   0.000000000000000E+000
   0.000000000000000E+000
   0.000000000000000E+000
   0.000000000000000E+000
   0.000000000000000E+000
   0.000000000000000E+000
   0.000000000000000E+000
   0.000000000000000E+000
   0.000000000000000E+000
   0.000000000000000E+000
   5.387068712537479E-002
   0.000000000000000E+000
   0.000000000000000E+000
   0.000000000000000E+000
   0.000000000000000E+000
   0.000000000000000E+000
   0.000000000000000E+000
   0.000000000000000E+000
   0.000000000000000E+000
   0.000000000000000E+000
   0.000000000000000E+000
   0.000000000000000E+000
   0.000000000000000E+000
   0.000000000000000E+000
   0.000000000000000E+000
   0.000000000000000E+000
   0.000000000000000E+000
   0.000000000000000E+000
   0.000000000000000E+000
   0.000000000000000E+000
   0.000000000000000E+000
   0.000000000000000E+000
   0.000000000000000E+000
   0.000000000000000E+000
   5.824403182569140E-002
   0.000000000000000E+000
   0.000000000000000E+000
   0.000000000000000E+000
   4.415822692082379E-002
   0.000000000000000E+000
   0.000000000000000E+000
   0.000000000000000E+000
   0.000000000000000E+000
   0.000000000000000E+000
   0.000000000000000E+000
   0.000000000000000E+000
   0.000000000000000E+000
   0.000000000000000E+000
   0.000000000000000E+000
   0.000000000000000E+000
   0.000000000000000E+000
   0.000000000000000E+000
   0.000000000000000E+000
   0.000000000000000E+000
   0.000000000000000E+000
   4.863540891881134E-002
  -4.331258658358053E-002
   0.000000000000000E+000
   0.000000000000000E+000
   4.669678158821033E-001
   0.000000000000000E+000
   0.000000000000000E+000
   0.000000000000000E+000
   0.000000000000000E+000
   0.000000000000000E+000
   0.000000000000000E+000
   5.289024430221678E-002
   0.000000000000000E+000
   0.000000000000000E+000
   0.000000000000000E+000
   0.000000000000000E+000
   0.000000000000000E+000
   0.000000000000000E+000
   0.000000000000000E+000
   0.000000000000000E+000
   0.000000000000000E+000
   0.000000000000000E+000
   0.000000000000000E+000
   0.000000000000000E+000
   0.000000000000000E+000
   0.000000000000000E+000
   0.000000000000000E+000
   3.289963236885270E-002
  -5.085625699807179E-002
   9.279425351542042E-002
   4.078805887548065E-001
  -4.048512644532733E-003
  -1.616488070758711E-002
  -2.275375624548476E-002
  -8.394496934422343E-003
   0.000000000000000E+000
   0.000000000000000E+000
  -1.174359156512771E-002
   0.000000000000000E+000
   0.000000000000000E+000
   0.000000000000000E+000
   0.000000000000000E+000
   0.000000000000000E+000
   0.000000000000000E+000
   0.000000000000000E+000
   0.000000000000000E+000
   0.000000000000000E+000
   0.000000000000000E+000
   0.000000000000000E+000
   0.000000000000000E+000
   0.000000000000000E+000
  -2.473371666553075E-002
  -2.955257992106934E-002
  -2.727427960893207E-002
  -2.948846755691709E-002
  -2.408060652339824E-002
  -1.768660029332789E-002
   1.081557740602817E-001
   1.898520080349621E-003
   3.924565440429497E-003
   1.372405661983880E-003
   2.688357014736430E-003
   0.000000000000000E+000
   0.000000000000000E+000
   3.410588813921259E-003
   0.000000000000000E+000
   0.000000000000000E+000
   0.000000000000000E+000
   0.000000000000000E+000
   0.000000000000000E+000
   0.000000000000000E+000
   0.000000000000000E+000
   0.000000000000000E+000
   0.000000000000000E+000
   0.000000000000000E+000
   0.000000000000000E+000
   0.000000000000000E+000
   0.000000000000000E+000
   3.694011918662569E-003
  -8.483707089021539E-004
   3.066698573702810E-003
  -1.349207251505886E-003
   3.375858725936638E-002
   3.053468766649890E-002
  -1.248498875633921E-002
   6.031157122956086E-003
      252.666883644373854
      104.804191767483388
       65.978943858607735
       29.268836627662587
       21.954616038825300
       18.925220232452443
       -3.346663572699187
  -8.999191339929213E-001
        4.525039228045153
       19.453865813696435
       -1.246841630296076
        2.528852921204015
        4.363950060092725
        5.902254612635926
        9.863784736162131
        9.894422111587531
        7.108078808320278
        6.527391536977257
        1.612948705541111
        2.931041220672480
        8.830202424695164
       -3.938067657317887
   4.873395619847862E-001
        5.231596201868149
        2.619127730546460
        2.212994068531530
        3.377540687041858
       17.822407572789679
        2.666323378131395
        5.943213100308416
        7.134099715722710
        3.012392469307233
        3.260569811687288
        3.434771424144048
        7.460735955796594
       11.067814444258852
       15.308993635392902
       10.697727067145033
        7.746714761223590
        3.037408847677346
        3.415029590775243
        3.937763428806878
   5.432216163761883E-001
        4.137420961975609
       12.218503644348779
       32.666884547630460
       16.707304591723606
        3.858007479086782
       -4.141549046767173
       -2.538365448780892
        1.754709620733785
  -9.245874911855678E-001
   1.419919230372899E-001
        1.141002332079784
        7.679583347117100
       40.398910524888578
       20.768718291362820
        4.788237601909028
       -1.513510176953886
  -5.712470766597831E-001
   8.009535966367125E-001
       -5.329432949851970
       -1.593799439382602
        3.987467457625034
        6.785563829053540
       11.406826610846906
     -392.176804679066890
     -199.498250437126615
      -48.608139705105984
       17.681621028255829
       11.191049463804543
      -10.982423312686294
       15.132601746187884
        1.265693605096411
      -19.563736541451508
      -70.521957093540067
      -87.748515309023105
      919.211623556888640
        7.180975662482180
        7.080035989370023
        7.586390123968537
        6.118073874300587
        2.925355764760792
        2.617078628640434
        2.979090318792479
        3.479603781418198
        3.392625591830157
   1.892750732614465E-001
   9.675504960394715E-001
      -10.304839917389440
       54.796787122236942
       13.345179947153788
        9.872172517303474
        8.301072439183837
        2.483092048890412
        2.061648833688643
        2.989527603129006
        4.515540392454512
        3.875380383441713
        3.231000536896603
        1.694073029667580
        1.606752175071202
      -21.301543489447067
       16.754183721627797
       44.909895421138380
        6.305336213996255
        6.931584637085834
        7.580766385273311
        2.178628871565230
        2.071113328804517
        2.848244480156664
        4.975574973916529
        3.839328265268857
        2.679827371419339
   8.113260159570473E-001
   2.992866540730483E-001
       -9.975342480324382
       17.870669154214934
       11.228959478043585
       41.648419008465808
       10.711608785302431
        9.369316615370408
        7.907394471918948
        2.865061124189354
        2.143031608397177
        2.715903073916341
        2.569509634938377
        3.146864006708763
        3.189473102968898
        1.350768001188054
        1.772612270540111
      -18.790276370026483
       15.329927188721951
        8.529458289895139
       19.577957419566239
       44.593539284583123
       28.221107466326764
       13.592772026081267
        1.471790667009923
       -3.902951447604980
       -1.277822365191058
   5.013123319955503E-001
  -7.168675221389926E-001
  -3.398295382177458E-001
   8.514907226776975E-001
        4.681679099533614
        5.084647097715324
      -50.496881924157435
      -12.496946386979623
        7.367873038577176
       -7.520270012520832
       -6.134072814921557
       29.119011704698789
       27.285856246000598
       13.581010321946106
        1.345703604843902
       -1.722070308399109
  -7.521989428367275E-001
   2.405937168116312E-001
       -3.445779939007159
       -1.113646622244207
        1.262515864676428
        4.205728929139684
        5.720723470838648
      -49.870671999279452
       -2.688720268967173
       -4.256870513950530
       -5.429849354598985
        7.778412722037563
       10.901812820271584
       24.712880311382353
       -1.061484791086528
        6.143159828528659
       16.653686569759682
       10.279821248437175
        6.020757989784452
        5.914050126791950
       10.443282781798240
        8.723005305168407
        6.090815960588984
       -1.566990445755942
       -2.073843917365775
        9.291177296715954
       36.887315692571342
       25.726339200553568
       26.180674364599703
       23.097902717413952
      -20.319577156096042
      -17.754731157561238
      134.057791881685887
     -338.759935596377204
     -171.982132993097224
      -16.708673403734487
       29.416825544308715
       10.917803770850337
       -4.414397230175730
       29.973926631245874
        9.451842649831750
      -14.511398097776544
      -54.076388480127541
      -68.151935656009300
      623.740370016951488
      105.699324584624236
       40.320038342250179
       85.018195060897966
       19.891862699698901
     -174.649824807350626
     -170.536799142454186
      313.258468011227478
     2612.896096882089296
        4.656040242794926
        7.566325974444000
        7.421819184227251
        6.363431369919948
        3.112289176123403
        2.713343519193425
        3.616662146278270
        3.731626228347239
        3.320608988199134
   2.251330548141950E-002
   6.410330903971599E-001
       -8.491822177412820
        4.147347683123746
        3.581320697364457
        3.414154813658071
        3.515990011807821
  -6.190248486465546E-001
  -2.812010966468136E-001
        8.637088238774233
        4.538069088315520
       21.395293907589274
       15.579128665570757
       11.094611380721924
        8.842357900836646
        2.985835719154776
        2.285031697346442
        3.055210247699409
        3.646210055778893
        3.838086223700990
        3.641961884031075
        1.927890582932453
        2.277591836663348
      -25.685099237077665
        3.676684124959755
        4.049798774494961
        3.778290672567141
        3.852286024501649
   9.521000600295944E-001
   8.119494764826753E-001
        7.852694336136429
      -10.410128467075737
        8.262084419645435
       17.104698320494609
        5.889406555790231
        8.166194534274172
        7.731027213963357
        3.581873908959568
        2.545075376851725
        3.151827926769847
        6.807681584911192
        4.650512080103081
        2.861026963214697
   6.932413208196033E-001
  -2.238530732246069E-002
      -10.154743700392899
        3.778732150369271
        4.091168151733815
        3.961735899333739
        3.481209267749096
  -3.079802769292428E-003
  -5.876956742190025E-001
        8.890839490454091
        3.761743097592102
        8.867295763739742
        7.269590276551321
       20.059960341786521
       12.968519109342477
       10.609214842230214
        9.092634197229170
        4.213165624833616
        2.690767095315007
        3.073228855521311
        2.911846785741519
        3.662020401176435
        3.753125417742134
        1.422168597371864
        2.098720760771052
      -21.752313766050193
        4.193007097089175
        4.079616721536086
        3.654331168634586
        3.880177712515184
   3.895839563079182E-001
   5.681083517062784E-001
        8.467779799806612
       -6.821204374765358
        6.888416615256958
        7.681750733556869
       10.501751979096589
       19.128322026181948
       29.945063936653639
       13.852768062584753
        1.759142847327593
       -3.781396730547080
       -1.250809968127876
   5.718395508150316E-001
       -1.390673639616986
  -4.759880785584035E-001
        1.101584052219298
        4.796082524488670
        5.442659915326321
      -52.429947563874229
  -5.080967353363676E-001
   7.565145480971245E-001
   2.185950498309985E-002
   5.417193860017788E-001
        4.306555212889541
        3.959478809920774
       -3.125739263478234
      -50.792957996812056
       -3.068215788606725
        2.324035885517438
  -9.620646291253632E-001
       -1.147149452294680
        8.901103012721157
       29.196684021350698
       13.979980494623824
        1.997010985962812
       -1.549098007747610
  -7.011402467726230E-001
   3.378707283263347E-001
       -4.345163294491865
       -1.270363828116744
        1.606923753133162
        4.338835140481351
        6.171899220505549
      -52.089036701647380
   5.055383857642516E-002
   5.142188446656231E-001
  -4.061051440832391E-001
   6.632977095941531E-001
        3.802583238327236
        4.266888967347096
       -3.033131824479764
      -50.970366555112278
       -1.071748218563086
   2.535243363674287E-002
       -1.949155216269902
        2.035614176938929
        5.216428725692653
        8.970399835263613
       -2.057661041209045
        6.860798459524560
       15.696087071881070
       10.791478174499542
        6.112754468655722
        5.641412257949469
       10.485654406990115
        8.643292218932494
        5.870523038540184
       -1.585577037221173
       -1.989065971268444
        8.145733367374760
        8.170957351901119
        7.451430296235383
        7.702124105888872
        7.055863624656212
       -3.006724632573162
       -3.050662073784268
       19.653505769009740
       36.929941703184284
       16.444119920836037
       14.492780137708282
       17.313711066288946
       17.425396494848506
       -6.923541255927166
       -6.316013443801479
       68.818300037287457
     -479.633035037946229
     -226.722941506940629
      -28.059484597527881
       40.050723591641145
       15.079874937864524
       -7.421219305434292
       42.483418032118834
       13.134351589025385
      -21.353145439922997
      -73.547670802249854
      -93.054814213481791
      847.723171209684551
        3.460718389360608
      -10.845215743729916
        3.227946609456779
       -9.365039111342192
      -66.741732594817165
      -66.798701495931880
       49.625035729635215
      824.950683276051222
       29.831350829747379
  -9.187109389716426E-001
       32.178488557746618
       15.425297939313893
     -100.455688229156351
     -100.960968152100349
      171.530241189201320
     2088.294943063096071
