   4.771235274086479E-003
           3
          12
          16
   4.658775275373930E-001
   0.000000000000000E+000
   0.000000000000000E+000
   0.000000000000000E+000
   0.000000000000000E+000
   0.000000000000000E+000
   0.000000000000000E+000
   0.000000000000000E+000
   0.000000000000000E+000
   0.000000000000000E+000
   0.000000000000000E+000
   2.315025281948254E-001
   0.000000000000000E+000
   0.000000000000000E+000
   0.000000000000000E+000
   0.000000000000000E+000
   0.000000000000000E+000
   4.658775275373930E-001
   0.000000000000000E+000
   0.000000000000000E+000
   0.000000000000000E+000
   0.000000000000000E+000
   0.000000000000000E+000
   0.000000000000000E+000
   0.000000000000000E+000
   0.000000000000000E+000
   0.000000000000000E+000
   1.084945904094350E-001
   0.000000000000000E+000
   0.000000000000000E+000
   0.000000000000000E+000
   0.000000000000000E+000
   0.000000000000000E+000
   0.000000000000000E+000
   4.658775275373930E-001
   0.000000000000000E+000
   0.000000000000000E+000
   0.000000000000000E+000
   0.000000000000000E+000
   0.000000000000000E+000
   0.000000000000000E+000
   0.000000000000000E+000
   0.000000000000000E+000
   9.619291330561124E-003
   0.000000000000000E+000
   0.000000000000000E+000
   0.000000000000000E+000
   0.000000000000000E+000
   0.000000000000000E+000
   0.000000000000000E+000
   0.000000000000000E+000
   6.734812113533991E-001
   0.000000000000000E+000
   0.000000000000000E+000
   0.000000000000000E+000
   0.000000000000000E+000
   0.000000000000000E+000
        1.624778190757184
   0.000000000000000E+000
   1.301399360431909E-001
   0.000000000000000E+000
   0.000000000000000E+000
   0.000000000000000E+000
   0.000000000000000E+000
   0.000000000000000E+000
   0.000000000000000E+000
   0.000000000000000E+000
   0.000000000000000E+000
   6.734812113533991E-001
   0.000000000000000E+000
   0.000000000000000E+000
   0.000000000000000E+000
   0.000000000000000E+000
   6.542070615309815E-001
   0.000000000000000E+000
   5.240005413106223E-002
   0.000000000000000E+000
   0.000000000000000E+000
   0.000000000000000E+000
   0.000000000000000E+000
   0.000000000000000E+000
   0.000000000000000E+000
   0.000000000000000E+000
   0.000000000000000E+000
   0.000000000000000E+000
   6.734812113533991E-001
   0.000000000000000E+000
   0.000000000000000E+000
   0.000000000000000E+000
  -4.127455218072261E-001
   0.000000000000000E+000
  -3.305969769638131E-002
   0.000000000000000E+000
   0.000000000000000E+000
   0.000000000000000E+000
   0.000000000000000E+000
   0.000000000000000E+000
   0.000000000000000E+000
   0.000000000000000E+000
   0.000000000000000E+000
   0.000000000000000E+000
   0.000000000000000E+000
   6.171201145049193E-001
   0.000000000000000E+000
   0.000000000000000E+000
   0.000000000000000E+000
        1.304741107872377
   1.214044323139788E-001
   0.000000000000000E+000
   0.000000000000000E+000
   0.000000000000000E+000
   0.000000000000000E+000
   0.000000000000000E+000
   0.000000000000000E+000
   0.000000000000000E+000
   0.000000000000000E+000
   0.000000000000000E+000
   0.000000000000000E+000
   0.000000000000000E+000
   6.171201145049193E-001
   0.000000000000000E+000
   0.000000000000000E+000
   4.062885662525083E-001
   3.780461307146220E-002
   0.000000000000000E+000
   0.000000000000000E+000
   0.000000000000000E+000
   0.000000000000000E+000
   0.000000000000000E+000
   0.000000000000000E+000
   0.000000000000000E+000
   0.000000000000000E+000
   0.000000000000000E+000
   0.000000000000000E+000
   0.000000000000000E+000
   0.000000000000000E+000
   6.171201145049193E-001
   0.000000000000000E+000
  -5.281218816939579E-001
  -4.914104173830995E-002
   0.000000000000000E+000
   0.000000000000000E+000
   0.000000000000000E+000
   0.000000000000000E+000
   0.000000000000000E+000
   0.000000000000000E+000
   0.000000000000000E+000
   0.000000000000000E+000
   0.000000000000000E+000
   0.000000000000000E+000
   0.000000000000000E+000
   0.000000000000000E+000
   0.000000000000000E+000
   5.133850631832639E-001
   0.000000000000000E+000
   6.079732908990688E-002
   0.000000000000000E+000
   0.000000000000000E+000
   0.000000000000000E+000
   0.000000000000000E+000
   0.000000000000000E+000
   0.000000000000000E+000
   0.000000000000000E+000
   0.000000000000000E+000
   0.000000000000000E+000
   0.000000000000000E+000
   0.000000000000000E+000
   0.000000000000000E+000
   0.000000000000000E+000
   0.000000000000000E+000
   3.949807062656380E-001
   5.769790594383103E-002
   0.000000000000000E+000
   0.000000000000000E+000
   0.000000000000000E+000
   0.000000000000000E+000
   0.000000000000000E+000
   0.000000000000000E+000
   0.000000000000000E+000
   0.000000000000000E+000
   0.000000000000000E+000
   0.000000000000000E+000
   0.000000000000000E+000
   0.000000000000000E+000
   0.000000000000000E+000
   4.565374147851419E-001
   3.299674662343581E-001
   6.727033481285663E-002
   0.000000000000000E+000
   0.000000000000000E+000
   0.000000000000000E+000
   0.000000000000000E+000
   5.672579829027402E-001
   0.000000000000000E+000
   0.000000000000000E+000
   0.000000000000000E+000
   0.000000000000000E+000
   0.000000000000000E+000
   0.000000000000000E+000
   0.000000000000000E+000
   0.000000000000000E+000
   0.000000000000000E+000
   0.000000000000000E+000
   0.000000000000000E+000
  -5.672579829027402E-001
   4.492564559550934E-001
   0.000000000000000E+000
   0.000000000000000E+000
   0.000000000000000E+000
   5.672579829027402E-001
   0.000000000000000E+000
   0.000000000000000E+000
   0.000000000000000E+000
   0.000000000000000E+000
   0.000000000000000E+000
   0.000000000000000E+000
   0.000000000000000E+000
   0.000000000000000E+000
   0.000000000000000E+000
   0.000000000000000E+000
  -5.672579829027402E-001
   2.272018935310335E-001
   0.000000000000000E+000
   0.000000000000000E+000
   0.000000000000000E+000
   0.000000000000000E+000
   5.672579829027402E-001
   0.000000000000000E+000
   0.000000000000000E+000
   0.000000000000000E+000
   0.000000000000000E+000
   0.000000000000000E+000
   0.000000000000000E+000
   0.000000000000000E+000
   0.000000000000000E+000
   0.000000000000000E+000
  -5.672579829027402E-001
   4.871169471302630E-002
   0.000000000000000E+000
   0.000000000000000E+000
   0.000000000000000E+000
   0.000000000000000E+000
   0.000000000000000E+000
   7.660938897344713E-001
   0.000000000000000E+000
   0.000000000000000E+000
   0.000000000000000E+000
   0.000000000000000E+000
   0.000000000000000E+000
        1.242830094029655
   0.000000000000000E+000
   0.000000000000000E+000
  -4.427142650292278E-001
   2.064503775387119E-001
   0.000000000000000E+000
   0.000000000000000E+000
   0.000000000000000E+000
   0.000000000000000E+000
   0.000000000000000E+000
   0.000000000000000E+000
   7.660938897344713E-001
   0.000000000000000E+000
   0.000000000000000E+000
   0.000000000000000E+000
   0.000000000000000E+000
   4.081689040715213E-001
   0.000000000000000E+000
   0.000000000000000E+000
  -4.427142650292278E-001
   9.202735414281936E-002
   0.000000000000000E+000
   0.000000000000000E+000
   0.000000000000000E+000
   0.000000000000000E+000
   0.000000000000000E+000
   0.000000000000000E+000
   0.000000000000000E+000
   7.660938897344713E-001
   0.000000000000000E+000
   0.000000000000000E+000
   0.000000000000000E+000
  -5.093773591765598E-001
   0.000000000000000E+000
   0.000000000000000E+000
  -4.427142650292278E-001
  -3.375831650962247E-002
   0.000000000000000E+000
   0.000000000000000E+000
   0.000000000000000E+000
   0.000000000000000E+000
   0.000000000000000E+000
   0.000000000000000E+000
   0.000000000000000E+000
   0.000000000000000E+000
   7.161328961204005E-001
   0.000000000000000E+000
   0.000000000000000E+000
   0.000000000000000E+000
        1.065124711302442
   0.000000000000000E+000
  -4.807605574754039E-001
   2.087997005508196E-001
   0.000000000000000E+000
   0.000000000000000E+000
   0.000000000000000E+000
   0.000000000000000E+000
   0.000000000000000E+000
   0.000000000000000E+000
   0.000000000000000E+000
   0.000000000000000E+000
   0.000000000000000E+000
   7.161328961204005E-001
   0.000000000000000E+000
   0.000000000000000E+000
   2.448105365971856E-001
   0.000000000000000E+000
  -4.807605574754039E-001
   7.815942022763098E-002
   0.000000000000000E+000
   0.000000000000000E+000
   0.000000000000000E+000
   0.000000000000000E+000
   0.000000000000000E+000
   0.000000000000000E+000
   0.000000000000000E+000
   0.000000000000000E+000
   0.000000000000000E+000
   0.000000000000000E+000
   7.161328961204005E-001
   0.000000000000000E+000
  -6.083342873477627E-001
   0.000000000000000E+000
  -4.807605574754039E-001
  -5.770935102271581E-002
   0.000000000000000E+000
   0.000000000000000E+000
   0.000000000000000E+000
   0.000000000000000E+000
   0.000000000000000E+000
   0.000000000000000E+000
   0.000000000000000E+000
   0.000000000000000E+000
   0.000000000000000E+000
   0.000000000000000E+000
   0.000000000000000E+000
   5.375698893473456E-001
   0.000000000000000E+000
   0.000000000000000E+000
   0.000000000000000E+000
   1.141000427476586E-001
   0.000000000000000E+000
   0.000000000000000E+000
   0.000000000000000E+000
   0.000000000000000E+000
   0.000000000000000E+000
   0.000000000000000E+000
   0.000000000000000E+000
   0.000000000000000E+000
   0.000000000000000E+000
   0.000000000000000E+000
   0.000000000000000E+000
   0.000000000000000E+000
   4.391064443463940E-001
   0.000000000000000E+000
   0.000000000000000E+000
   1.138078900934615E-001
   0.000000000000000E+000
   0.000000000000000E+000
   0.000000000000000E+000
   0.000000000000000E+000
   0.000000000000000E+000
   0.000000000000000E+000
   0.000000000000000E+000
   0.000000000000000E+000
   0.000000000000000E+000
   0.000000000000000E+000
   0.000000000000000E+000
   4.555994053395853E-001
   3.426989000377668E-001
   0.000000000000000E+000
   0.000000000000000E+000
   1.170347440367794E-001
   0.000000000000000E+000
   0.000000000000000E+000
   4.613796387848629E-001
   0.000000000000000E+000
   0.000000000000000E+000
   0.000000000000000E+000
   0.000000000000000E+000
   0.000000000000000E+000
   0.000000000000000E+000
   0.000000000000000E+000
   0.000000000000000E+000
   0.000000000000000E+000
   0.000000000000000E+000
   0.000000000000000E+000
   0.000000000000000E+000
   0.000000000000000E+000
  -4.613796387848629E-001
   2.515504128659268E-001
   0.000000000000000E+000
   4.613796387848629E-001
   0.000000000000000E+000
   0.000000000000000E+000
   0.000000000000000E+000
   0.000000000000000E+000
   0.000000000000000E+000
   0.000000000000000E+000
   0.000000000000000E+000
   0.000000000000000E+000
   0.000000000000000E+000
   0.000000000000000E+000
   0.000000000000000E+000
   0.000000000000000E+000
  -4.613796387848629E-001
   1.320709873188961E-001
   0.000000000000000E+000
   0.000000000000000E+000
   4.613796387848629E-001
   0.000000000000000E+000
   0.000000000000000E+000
   0.000000000000000E+000
   0.000000000000000E+000
   0.000000000000000E+000
   0.000000000000000E+000
   0.000000000000000E+000
   0.000000000000000E+000
   0.000000000000000E+000
   0.000000000000000E+000
   0.000000000000000E+000
  -4.613796387848629E-001
   3.603194994111639E-002
   0.000000000000000E+000
   0.000000000000000E+000
   0.000000000000000E+000
   6.689234463910302E-001
   0.000000000000000E+000
   0.000000000000000E+000
   0.000000000000000E+000
   0.000000000000000E+000
   0.000000000000000E+000
        1.469181464817138
   0.000000000000000E+000
   0.000000000000000E+000
   0.000000000000000E+000
   0.000000000000000E+000
  -3.865609110033054E-001
   1.432121700531703E-001
   0.000000000000000E+000
   0.000000000000000E+000
   0.000000000000000E+000
   0.000000000000000E+000
   6.689234463910302E-001
   0.000000000000000E+000
   0.000000000000000E+000
   0.000000000000000E+000
   0.000000000000000E+000
   4.943845922709324E-001
   0.000000000000000E+000
   0.000000000000000E+000
   0.000000000000000E+000
   0.000000000000000E+000
  -3.865609110033054E-001
   6.703993841195462E-002
   0.000000000000000E+000
   0.000000000000000E+000
   0.000000000000000E+000
   0.000000000000000E+000
   0.000000000000000E+000
   6.689234463910302E-001
   0.000000000000000E+000
   0.000000000000000E+000
   0.000000000000000E+000
  -5.772133669867057E-001
   0.000000000000000E+000
   0.000000000000000E+000
   0.000000000000000E+000
   0.000000000000000E+000
  -3.865609110033054E-001
  -1.669648943030608E-002
   0.000000000000000E+000
   0.000000000000000E+000
   0.000000000000000E+000
   0.000000000000000E+000
   0.000000000000000E+000
   0.000000000000000E+000
   6.123941888205642E-001
   0.000000000000000E+000
   0.000000000000000E+000
   0.000000000000000E+000
        1.182083117654862
   0.000000000000000E+000
   0.000000000000000E+000
   0.000000000000000E+000
  -4.111177872250312E-001
   1.375186309208397E-001
   0.000000000000000E+000
   0.000000000000000E+000
   0.000000000000000E+000
   0.000000000000000E+000
   0.000000000000000E+000
   0.000000000000000E+000
   0.000000000000000E+000
   6.123941888205642E-001
   0.000000000000000E+000
   0.000000000000000E+000
   2.821439087510125E-001
   0.000000000000000E+000
   0.000000000000000E+000
   0.000000000000000E+000
  -4.111177872250312E-001
   5.582477128837838E-002
   0.000000000000000E+000
   0.000000000000000E+000
   0.000000000000000E+000
   0.000000000000000E+000
   0.000000000000000E+000
   0.000000000000000E+000
   0.000000000000000E+000
   0.000000000000000E+000
   6.123941888205642E-001
   0.000000000000000E+000
  -6.538127059415212E-001
   0.000000000000000E+000
   0.000000000000000E+000
   0.000000000000000E+000
  -4.111177872250312E-001
  -2.913864351371495E-002
   0.000000000000000E+000
   0.000000000000000E+000
   0.000000000000000E+000
   0.000000000000000E+000
   0.000000000000000E+000
   0.000000000000000E+000
   0.000000000000000E+000
   0.000000000000000E+000
   0.000000000000000E+000
   5.106421384472902E-001
   0.000000000000000E+000
   0.000000000000000E+000
   0.000000000000000E+000
   0.000000000000000E+000
   0.000000000000000E+000
   5.888534556782728E-002
   0.000000000000000E+000
   0.000000000000000E+000
   0.000000000000000E+000
   0.000000000000000E+000
   0.000000000000000E+000
   0.000000000000000E+000
   0.000000000000000E+000
   0.000000000000000E+000
   0.000000000000000E+000
   0.000000000000000E+000
   3.918145657647601E-001
   0.000000000000000E+000
   0.000000000000000E+000
   0.000000000000000E+000
   0.000000000000000E+000
   5.575663316359347E-002
   0.000000000000000E+000
   0.000000000000000E+000
   0.000000000000000E+000
   0.000000000000000E+000
   0.000000000000000E+000
   0.000000000000000E+000
   0.000000000000000E+000
   0.000000000000000E+000
   0.000000000000000E+000
   4.550137205343782E-001
   3.282767221485791E-001
   0.000000000000000E+000
   0.000000000000000E+000
   0.000000000000000E+000
   0.000000000000000E+000
   6.535552532704691E-002
   1.600627223928243E-002
   0.000000000000000E+000
   7.012087207784318E-002
   0.000000000000000E+000
   0.000000000000000E+000
   1.017853627125602E-001
   0.000000000000000E+000
   0.000000000000000E+000
   0.000000000000000E+000
   6.580036904641115E-002
   0.000000000000000E+000
   0.000000000000000E+000
   0.000000000000000E+000
   0.000000000000000E+000
   1.836477107195446E-001
   0.000000000000000E+000
   0.000000000000000E+000
   0.000000000000000E+000
   0.000000000000000E+000
   0.000000000000000E+000
   1.986314729263971E-001
   0.000000000000000E+000
   0.000000000000000E+000
   0.000000000000000E+000
   0.000000000000000E+000
   0.000000000000000E+000
   0.000000000000000E+000
   8.854481400156311E-002
   0.000000000000000E+000
   0.000000000000000E+000
   0.000000000000000E+000
   0.000000000000000E+000
   0.000000000000000E+000
   0.000000000000000E+000
   0.000000000000000E+000
   1.637578014613113E-001
   0.000000000000000E+000
   0.000000000000000E+000
   0.000000000000000E+000
   0.000000000000000E+000
   0.000000000000000E+000
   0.000000000000000E+000
   0.000000000000000E+000
   0.000000000000000E+000
   1.661596162916233E-001
   0.000000000000000E+000
   0.000000000000000E+000
   0.000000000000000E+000
   1.511128917724024E-001
   1.583778988228408E-001
  -1.373205859484058E-001
   0.000000000000000E+000
   0.000000000000000E+000
   0.000000000000000E+000
        1.318842938856809
   0.000000000000000E+000
   0.000000000000000E+000
   0.000000000000000E+000
   0.000000000000000E+000
   0.000000000000000E+000
   0.000000000000000E+000
   1.802620502398613E-001
   9.310589921294192E-002
  -1.522638280741408E-001
   2.291276942645490E-001
        1.014467981495669
   4.955070483852614E-003
   9.958623782743627E-003
   1.233772433396540E-003
   8.561950469009092E-003
   8.981618704198531E-003
  -5.758596683977438E-003
   1.257773732213261E-002
   6.161832263772479E-003
  -7.841782282508543E-003
   9.850315801781828E-002
   9.087827162187316E-002
   2.402271359364639E-002
  -1.130877131993598E-003
  -7.778624881805472E-003
  -1.447125922873464E-002
  -3.005064699131608E-003
  -1.167768010860677E-002
  -1.384889036294634E-002
  -3.660905648407388E-003
  -1.254127095123484E-002
  -1.314350370168733E-002
  -1.888723501649329E-003
   1.432817316631460E-003
   0.000000000000000E+000
   5.956936591719375E-002
   8.956310316521591E-004
   3.115545934091918E-003
   1.242678962499588E-003
   1.401347981463885E-003
   2.427448329116666E-003
  -1.056020239484575E-003
   1.589972370334007E-003
   2.038891192766567E-003
  -1.577714845768821E-003
   1.410400997801640E-002
   1.307901511795235E-002
   0.000000000000000E+000
  -8.233196958176647E-003
   7.157522747739485E-003
  -4.903771886621261E-003
  -1.957975546192249E-002
  -2.756054877149067E-002
  -9.414733845475603E-003
  -2.773976347057900E-002
  -3.314429400326659E-002
  -1.286046627788576E-002
  -2.986820098596332E-002
  -3.229296936112715E-002
  -1.257951806358404E-002
  -4.108003326679023E-003
   0.000000000000000E+000
   0.000000000000000E+000
   0.000000000000000E+000
   1.430328789694212E-001
   2.673602688511996E-003
   5.604750227229774E-003
   2.152371344993626E-003
   3.487948279571549E-003
   4.810812427472532E-003
  -1.431581256015215E-003
   4.301817558116095E-003
   4.055736678510708E-003
  -2.288816858459466E-003
   3.631089662676341E-002
   2.883903773905187E-002
   0.000000000000000E+000
   0.000000000000000E+000
   0.000000000000000E+000
  -1.847328263327343E-002
   1.018143616564940E-002
      177.124223520010787
       69.052943790311247
       46.194171670411478
       20.388478664607049
       16.148744552274948
       15.412654564835568
       -1.443146188058553
  -2.179289238104967E-001
        4.219188048687675
       19.689185825315921
        1.555390889288702
        4.098191398235299
        4.942196240207831
        5.977345035147223
        7.575437876398663
       10.057763392881622
        7.266650036192872
        6.536534804026187
        1.895643851624259
        3.176859399628593
        6.879047955324770
       -2.431546564516108
   9.928201272648511E-001
        5.044685039314649
        2.431936852028201
        2.684254797085672
        3.768692014463551
       18.607899370646098
        3.657644266615418
        6.038696555099015
        6.566383350092776
        2.940152575053359
        3.650123155379041
        3.836720416595080
        7.209553052071442
        8.631935694757370
       12.145449890597869
        9.191585740354862
        7.521247987223551
        3.658763597893040
        3.723340268386520
        4.024878185787445
        1.425598958272790
        4.417339815486697
        9.144937375453894
       24.646359511111577
       12.170237080603755
        2.273835257747706
       -4.194587588269294
       -1.710891205709050
        1.613303688157503
  -9.844517786814502E-001
  -4.906342632051100E-003
   7.368959402918173E-001
        6.397637179224806
       28.821207056257201
       14.514660405452641
        2.805981589227421
       -1.341252082887575
  -2.956922519489119E-001
   7.611425463539171E-001
       -5.502395945302826
       -1.305584651150344
        2.848871061246383
        5.423451604537081
        8.911556845350070
     -260.155463598231165
     -128.559071414371942
      -26.758928833311032
       15.660097856907550
        5.214969197943589
      -11.236773596480822
       15.101099359804806
        1.103658547505112
      -14.858225358857077
      -52.245297982350763
      -62.567069144607132
      629.257820385614650
        1.807391783476309
        5.172765500025446
       11.064556595273483
        8.000693609891110
        6.786550192671907
        6.162974496408690
        8.329417794702429
        7.401018228691608
        7.269804509542804
       -2.097246482758927
       -2.285401059254105
       14.480439361545681
       63.799341252011928
     -153.527177138148176
      -82.232313518266423
      -13.889686651384309
       14.509922178159730
        6.299155384923044
       -3.815692958338114
       16.053503955836543
        2.803379800689572
       -6.260968964917415
      -32.346904748261267
      -38.571520000580705
      321.955772490992274
       59.229820139933118
      565.161432028349736
       -6.059692792839790
        1.199864307309436
        9.559078493614530
        8.512280414065264
        6.875392711613964
        5.987913372903999
        8.677389147418076
        7.902940855893650
        7.329840343521509
       -3.969262012075637
       -4.325785417484393
       32.318267297417194
       12.717009378169617
       23.864353595028568
       41.651983115004064
     -273.565231484563128
     -136.914756586586009
      -25.038292149448381
       24.421701872314145
        8.619346300126544
       -7.628037440883954
       25.332171066500052
        5.776791375019855
       -9.224600123827742
      -56.413844772678090
      -66.403953404658296
      558.945300201806731
       21.799139124099625
      346.675023229556473
       82.295264249010216
      940.253839698194497
