   2.566154897840080E-003
           3
          12
          24
   4.545538573289891E-001
   0.000000000000000E+000
   0.000000000000000E+000
   0.000000000000000E+000
   0.000000000000000E+000
   0.000000000000000E+000
   0.000000000000000E+000
   0.000000000000000E+000
   0.000000000000000E+000
   0.000000000000000E+000
   0.000000000000000E+000
   2.196828040482003E-001
   0.000000000000000E+000
   0.000000000000000E+000
   0.000000000000000E+000
   0.000000000000000E+000
   0.000000000000000E+000
   0.000000000000000E+000
   0.000000000000000E+000
   0.000000000000000E+000
   0.000000000000000E+000
   0.000000000000000E+000
   0.000000000000000E+000
   0.000000000000000E+000
   0.000000000000000E+000
   4.545538573289891E-001
   0.000000000000000E+000
   0.000000000000000E+000
   0.000000000000000E+000
   0.000000000000000E+000
   0.000000000000000E+000
   0.000000000000000E+000
   0.000000000000000E+000
   0.000000000000000E+000
   0.000000000000000E+000
   1.049551327575570E-001
   0.000000000000000E+000
   0.000000000000000E+000
   0.000000000000000E+000
   0.000000000000000E+000
   0.000000000000000E+000
   0.000000000000000E+000
   0.000000000000000E+000
   0.000000000000000E+000
   0.000000000000000E+000
   0.000000000000000E+000
   0.000000000000000E+000
   0.000000000000000E+000
   0.000000000000000E+000
   0.000000000000000E+000
   4.545538573289891E-001
   0.000000000000000E+000
   0.000000000000000E+000
   0.000000000000000E+000
   0.000000000000000E+000
   0.000000000000000E+000
   0.000000000000000E+000
   0.000000000000000E+000
   0.000000000000000E+000
   1.281213875570964E-002
   0.000000000000000E+000
   0.000000000000000E+000
   0.000000000000000E+000
   0.000000000000000E+000
   0.000000000000000E+000
   0.000000000000000E+000
   0.000000000000000E+000
   0.000000000000000E+000
   0.000000000000000E+000
   0.000000000000000E+000
   0.000000000000000E+000
   0.000000000000000E+000
   0.000000000000000E+000
   0.000000000000000E+000
   0.000000000000000E+000
   6.660291619004006E-001
   0.000000000000000E+000
   0.000000000000000E+000
   0.000000000000000E+000
   0.000000000000000E+000
   0.000000000000000E+000
        1.680320295777185
   0.000000000000000E+000
   1.250540973576804E-001
   0.000000000000000E+000
   0.000000000000000E+000
   0.000000000000000E+000
   0.000000000000000E+000
   0.000000000000000E+000
   0.000000000000000E+000
   0.000000000000000E+000
   0.000000000000000E+000
   0.000000000000000E+000
   0.000000000000000E+000
   0.000000000000000E+000
   0.000000000000000E+000
   0.000000000000000E+000
   0.000000000000000E+000
   0.000000000000000E+000
   0.000000000000000E+000
   6.660291619004006E-001
   0.000000000000000E+000
   0.000000000000000E+000
   0.000000000000000E+000
   0.000000000000000E+000
   6.841131378760713E-001
   0.000000000000000E+000
   5.091359734368570E-002
   0.000000000000000E+000
   0.000000000000000E+000
   0.000000000000000E+000
   0.000000000000000E+000
   0.000000000000000E+000
   0.000000000000000E+000
   0.000000000000000E+000
   0.000000000000000E+000
   0.000000000000000E+000
   0.000000000000000E+000
   0.000000000000000E+000
   0.000000000000000E+000
   0.000000000000000E+000
   0.000000000000000E+000
   0.000000000000000E+000
   0.000000000000000E+000
   0.000000000000000E+000
   6.660291619004006E-001
   0.000000000000000E+000
   0.000000000000000E+000
   0.000000000000000E+000
  -4.548842645449214E-001
   0.000000000000000E+000
  -3.385374874530502E-002
   0.000000000000000E+000
   0.000000000000000E+000
   0.000000000000000E+000
   0.000000000000000E+000
   0.000000000000000E+000
   0.000000000000000E+000
   0.000000000000000E+000
   0.000000000000000E+000
   0.000000000000000E+000
   0.000000000000000E+000
   0.000000000000000E+000
   0.000000000000000E+000
   0.000000000000000E+000
   0.000000000000000E+000
   0.000000000000000E+000
   0.000000000000000E+000
   0.000000000000000E+000
   0.000000000000000E+000
   6.133784546701351E-001
   0.000000000000000E+000
   0.000000000000000E+000
   0.000000000000000E+000
        1.352985877967697
   1.157655726411119E-001
   0.000000000000000E+000
   0.000000000000000E+000
   0.000000000000000E+000
   0.000000000000000E+000
   0.000000000000000E+000
   0.000000000000000E+000
   0.000000000000000E+000
   0.000000000000000E+000
   0.000000000000000E+000
   0.000000000000000E+000
   0.000000000000000E+000
   0.000000000000000E+000
   0.000000000000000E+000
   0.000000000000000E+000
   0.000000000000000E+000
   0.000000000000000E+000
   0.000000000000000E+000
   0.000000000000000E+000
   0.000000000000000E+000
   6.133784546701351E-001
   0.000000000000000E+000
   0.000000000000000E+000
   4.212970176689128E-001
   3.604744978986305E-002
   0.000000000000000E+000
   0.000000000000000E+000
   0.000000000000000E+000
   0.000000000000000E+000
   0.000000000000000E+000
   0.000000000000000E+000
   0.000000000000000E+000
   0.000000000000000E+000
   0.000000000000000E+000
   0.000000000000000E+000
   0.000000000000000E+000
   0.000000000000000E+000
   0.000000000000000E+000
   0.000000000000000E+000
   0.000000000000000E+000
   0.000000000000000E+000
   0.000000000000000E+000
   0.000000000000000E+000
   0.000000000000000E+000
   0.000000000000000E+000
   6.133784546701351E-001
   0.000000000000000E+000
  -5.905799237145137E-001
  -5.053180833036543E-002
   0.000000000000000E+000
   0.000000000000000E+000
   0.000000000000000E+000
   0.000000000000000E+000
   0.000000000000000E+000
   0.000000000000000E+000
   0.000000000000000E+000
   0.000000000000000E+000
   0.000000000000000E+000
   0.000000000000000E+000
   0.000000000000000E+000
   0.000000000000000E+000
   0.000000000000000E+000
   0.000000000000000E+000
   0.000000000000000E+000
   0.000000000000000E+000
   0.000000000000000E+000
   0.000000000000000E+000
   0.000000000000000E+000
   0.000000000000000E+000
   0.000000000000000E+000
   5.156749899782547E-001
   0.000000000000000E+000
   5.625378947992797E-002
   0.000000000000000E+000
   0.000000000000000E+000
   0.000000000000000E+000
   0.000000000000000E+000
   0.000000000000000E+000
   0.000000000000000E+000
   0.000000000000000E+000
   0.000000000000000E+000
   0.000000000000000E+000
   0.000000000000000E+000
   0.000000000000000E+000
   0.000000000000000E+000
   0.000000000000000E+000
   0.000000000000000E+000
   0.000000000000000E+000
   0.000000000000000E+000
   0.000000000000000E+000
   0.000000000000000E+000
   0.000000000000000E+000
   0.000000000000000E+000
   0.000000000000000E+000
   0.000000000000000E+000
   4.027929724204842E-001
   5.339118429774473E-002
   0.000000000000000E+000
   0.000000000000000E+000
   0.000000000000000E+000
   0.000000000000000E+000
   0.000000000000000E+000
   0.000000000000000E+000
   0.000000000000000E+000
   0.000000000000000E+000
   0.000000000000000E+000
   0.000000000000000E+000
   0.000000000000000E+000
   0.000000000000000E+000
   0.000000000000000E+000
   0.000000000000000E+000
   0.000000000000000E+000
   0.000000000000000E+000
   0.000000000000000E+000
   0.000000000000000E+000
   0.000000000000000E+000
   0.000000000000000E+000
   0.000000000000000E+000
   4.572422792117560E-001
   3.373157477068272E-001
   6.289099652088731E-002
   0.000000000000000E+000
   0.000000000000000E+000
   0.000000000000000E+000
   0.000000000000000E+000
   0.000000000000000E+000
   0.000000000000000E+000
   0.000000000000000E+000
   0.000000000000000E+000
   0.000000000000000E+000
   0.000000000000000E+000
   0.000000000000000E+000
   0.000000000000000E+000
   5.739695749984383E-001
   0.000000000000000E+000
   0.000000000000000E+000
   0.000000000000000E+000
   0.000000000000000E+000
   0.000000000000000E+000
   0.000000000000000E+000
   0.000000000000000E+000
   0.000000000000000E+000
   0.000000000000000E+000
   0.000000000000000E+000
   0.000000000000000E+000
   0.000000000000000E+000
   0.000000000000000E+000
   0.000000000000000E+000
   0.000000000000000E+000
  -5.739695749984383E-001
   4.628960491283471E-001
   0.000000000000000E+000
   0.000000000000000E+000
   0.000000000000000E+000
   0.000000000000000E+000
   0.000000000000000E+000
   0.000000000000000E+000
   0.000000000000000E+000
   5.739695749984383E-001
   0.000000000000000E+000
   0.000000000000000E+000
   0.000000000000000E+000
   0.000000000000000E+000
   0.000000000000000E+000
   0.000000000000000E+000
   0.000000000000000E+000
   0.000000000000000E+000
   0.000000000000000E+000
   0.000000000000000E+000
   0.000000000000000E+000
   0.000000000000000E+000
   0.000000000000000E+000
   0.000000000000000E+000
  -5.739695749984383E-001
   2.319137224640304E-001
   0.000000000000000E+000
   0.000000000000000E+000
   0.000000000000000E+000
   0.000000000000000E+000
   0.000000000000000E+000
   0.000000000000000E+000
   0.000000000000000E+000
   0.000000000000000E+000
   5.739695749984383E-001
   0.000000000000000E+000
   0.000000000000000E+000
   0.000000000000000E+000
   0.000000000000000E+000
   0.000000000000000E+000
   0.000000000000000E+000
   0.000000000000000E+000
   0.000000000000000E+000
   0.000000000000000E+000
   0.000000000000000E+000
   0.000000000000000E+000
   0.000000000000000E+000
   0.000000000000000E+000
  -5.739695749984383E-001
   4.640134431730647E-002
   0.000000000000000E+000
   0.000000000000000E+000
   0.000000000000000E+000
   0.000000000000000E+000
   0.000000000000000E+000
   0.000000000000000E+000
   0.000000000000000E+000
   0.000000000000000E+000
   0.000000000000000E+000
   7.750087647356571E-001
   0.000000000000000E+000
   0.000000000000000E+000
   0.000000000000000E+000
   0.000000000000000E+000
   0.000000000000000E+000
        1.301938054273430
   0.000000000000000E+000
   0.000000000000000E+000
   0.000000000000000E+000
   0.000000000000000E+000
   0.000000000000000E+000
   0.000000000000000E+000
  -4.429487175574339E-001
   2.065036404911007E-001
   0.000000000000000E+000
   0.000000000000000E+000
   0.000000000000000E+000
   0.000000000000000E+000
   0.000000000000000E+000
   0.000000000000000E+000
   0.000000000000000E+000
   0.000000000000000E+000
   0.000000000000000E+000
   0.000000000000000E+000
   0.000000000000000E+000
   0.000000000000000E+000
   0.000000000000000E+000
   0.000000000000000E+000
   0.000000000000000E+000
   4.481315772350913E-001
   0.000000000000000E+000
   0.000000000000000E+000
   7.750087647356571E-001
   0.000000000000000E+000
   0.000000000000000E+000
   0.000000000000000E+000
  -4.429487175574339E-001
   8.663182599941434E-002
   0.000000000000000E+000
   0.000000000000000E+000
   0.000000000000000E+000
   0.000000000000000E+000
   0.000000000000000E+000
   0.000000000000000E+000
   0.000000000000000E+000
   0.000000000000000E+000
   0.000000000000000E+000
   0.000000000000000E+000
   0.000000000000000E+000
   0.000000000000000E+000
   0.000000000000000E+000
   0.000000000000000E+000
   0.000000000000000E+000
  -3.889289787103507E-001
   0.000000000000000E+000
   0.000000000000000E+000
   0.000000000000000E+000
   7.750087647356571E-001
   0.000000000000000E+000
   0.000000000000000E+000
  -4.429487175574339E-001
  -3.088891245721644E-002
   0.000000000000000E+000
   0.000000000000000E+000
   0.000000000000000E+000
   0.000000000000000E+000
   0.000000000000000E+000
   0.000000000000000E+000
   0.000000000000000E+000
   0.000000000000000E+000
   0.000000000000000E+000
   0.000000000000000E+000
   0.000000000000000E+000
   0.000000000000000E+000
   7.295486225413166E-001
   0.000000000000000E+000
   0.000000000000000E+000
   0.000000000000000E+000
        1.122122407758265
   0.000000000000000E+000
   0.000000000000000E+000
   0.000000000000000E+000
   0.000000000000000E+000
   0.000000000000000E+000
  -4.793816262782391E-001
   2.067910547964315E-001
   0.000000000000000E+000
   0.000000000000000E+000
   0.000000000000000E+000
   0.000000000000000E+000
   0.000000000000000E+000
   0.000000000000000E+000
   0.000000000000000E+000
   0.000000000000000E+000
   0.000000000000000E+000
   0.000000000000000E+000
   0.000000000000000E+000
   0.000000000000000E+000
   0.000000000000000E+000
   0.000000000000000E+000
   0.000000000000000E+000
   0.000000000000000E+000
   3.103590186567748E-001
   0.000000000000000E+000
   0.000000000000000E+000
   0.000000000000000E+000
   7.295486225413166E-001
   0.000000000000000E+000
  -4.793816262782391E-001
   7.576206197428641E-002
   0.000000000000000E+000
   0.000000000000000E+000
   0.000000000000000E+000
   0.000000000000000E+000
   0.000000000000000E+000
   0.000000000000000E+000
   0.000000000000000E+000
   0.000000000000000E+000
   0.000000000000000E+000
   0.000000000000000E+000
   0.000000000000000E+000
   0.000000000000000E+000
   0.000000000000000E+000
   0.000000000000000E+000
   0.000000000000000E+000
   0.000000000000000E+000
  -4.667614973036214E-001
   0.000000000000000E+000
   0.000000000000000E+000
   0.000000000000000E+000
   0.000000000000000E+000
   7.295486225413166E-001
  -4.793816262782391E-001
  -4.967512806753465E-002
   0.000000000000000E+000
   0.000000000000000E+000
   0.000000000000000E+000
   0.000000000000000E+000
   0.000000000000000E+000
   0.000000000000000E+000
   0.000000000000000E+000
   0.000000000000000E+000
   0.000000000000000E+000
   0.000000000000000E+000
   0.000000000000000E+000
   0.000000000000000E+000
   0.000000000000000E+000
   0.000000000000000E+000
   0.000000000000000E+000
   5.438359572522202E-001
   0.000000000000000E+000
   0.000000000000000E+000
   0.000000000000000E+000
   0.000000000000000E+000
   0.000000000000000E+000
   0.000000000000000E+000
   0.000000000000000E+000
   1.182313016752421E-001
   0.000000000000000E+000
   0.000000000000000E+000
   0.000000000000000E+000
   0.000000000000000E+000
   0.000000000000000E+000
   0.000000000000000E+000
   0.000000000000000E+000
   0.000000000000000E+000
   0.000000000000000E+000
   0.000000000000000E+000
   0.000000000000000E+000
   0.000000000000000E+000
   0.000000000000000E+000
   0.000000000000000E+000
   0.000000000000000E+000
   0.000000000000000E+000
   4.536394362309745E-001
   0.000000000000000E+000
   0.000000000000000E+000
   0.000000000000000E+000
   0.000000000000000E+000
   0.000000000000000E+000
   0.000000000000000E+000
   1.185461394619528E-001
   0.000000000000000E+000
   0.000000000000000E+000
   0.000000000000000E+000
   0.000000000000000E+000
   0.000000000000000E+000
   0.000000000000000E+000
   0.000000000000000E+000
   0.000000000000000E+000
   0.000000000000000E+000
   0.000000000000000E+000
   0.000000000000000E+000
   0.000000000000000E+000
   0.000000000000000E+000
   0.000000000000000E+000
   0.000000000000000E+000
   4.542139112806834E-001
   3.500865120116065E-001
   0.000000000000000E+000
   0.000000000000000E+000
   0.000000000000000E+000
   0.000000000000000E+000
   0.000000000000000E+000
   0.000000000000000E+000
   1.202786824317070E-001
   0.000000000000000E+000
   0.000000000000000E+000
   0.000000000000000E+000
   0.000000000000000E+000
   0.000000000000000E+000
   0.000000000000000E+000
   4.743985488503658E-001
   0.000000000000000E+000
   0.000000000000000E+000
   0.000000000000000E+000
   0.000000000000000E+000
   0.000000000000000E+000
   0.000000000000000E+000
   0.000000000000000E+000
   0.000000000000000E+000
   0.000000000000000E+000
   0.000000000000000E+000
   0.000000000000000E+000
   0.000000000000000E+000
   0.000000000000000E+000
   0.000000000000000E+000
   0.000000000000000E+000
   0.000000000000000E+000
   0.000000000000000E+000
   0.000000000000000E+000
   0.000000000000000E+000
   0.000000000000000E+000
   0.000000000000000E+000
  -4.743985488503658E-001
   2.658539966691544E-001
   0.000000000000000E+000
   4.743985488503658E-001
   0.000000000000000E+000
   0.000000000000000E+000
   0.000000000000000E+000
   0.000000000000000E+000
   0.000000000000000E+000
   0.000000000000000E+000
   0.000000000000000E+000
   0.000000000000000E+000
   0.000000000000000E+000
   0.000000000000000E+000
   0.000000000000000E+000
   0.000000000000000E+000
   0.000000000000000E+000
   0.000000000000000E+000
   0.000000000000000E+000
   0.000000000000000E+000
   0.000000000000000E+000
   0.000000000000000E+000
   0.000000000000000E+000
   0.000000000000000E+000
  -4.743985488503658E-001
   1.354345985670460E-001
   0.000000000000000E+000
   0.000000000000000E+000
   4.743985488503658E-001
   0.000000000000000E+000
   0.000000000000000E+000
   0.000000000000000E+000
   0.000000000000000E+000
   0.000000000000000E+000
   0.000000000000000E+000
   0.000000000000000E+000
   0.000000000000000E+000
   0.000000000000000E+000
   0.000000000000000E+000
   0.000000000000000E+000
   0.000000000000000E+000
   0.000000000000000E+000
   0.000000000000000E+000
   0.000000000000000E+000
   0.000000000000000E+000
   0.000000000000000E+000
   0.000000000000000E+000
   0.000000000000000E+000
  -4.743985488503658E-001
   3.068886737719683E-002
   0.000000000000000E+000
   0.000000000000000E+000
   0.000000000000000E+000
   6.860253254341607E-001
   0.000000000000000E+000
   0.000000000000000E+000
   0.000000000000000E+000
   0.000000000000000E+000
   0.000000000000000E+000
        1.549147796015106
   0.000000000000000E+000
   0.000000000000000E+000
   0.000000000000000E+000
   0.000000000000000E+000
   0.000000000000000E+000
   0.000000000000000E+000
   0.000000000000000E+000
   0.000000000000000E+000
   0.000000000000000E+000
   0.000000000000000E+000
   0.000000000000000E+000
   0.000000000000000E+000
  -3.920910987589015E-001
   1.457627324981629E-001
   0.000000000000000E+000
   0.000000000000000E+000
   0.000000000000000E+000
   0.000000000000000E+000
   0.000000000000000E+000
   0.000000000000000E+000
   0.000000000000000E+000
   0.000000000000000E+000
   0.000000000000000E+000
   6.188074470360940E-001
   0.000000000000000E+000
   0.000000000000000E+000
   0.000000000000000E+000
   0.000000000000000E+000
   0.000000000000000E+000
   0.000000000000000E+000
   0.000000000000000E+000
   0.000000000000000E+000
   6.860253254341607E-001
   0.000000000000000E+000
   0.000000000000000E+000
   0.000000000000000E+000
  -3.920910987589015E-001
   6.855266198576659E-002
   0.000000000000000E+000
   0.000000000000000E+000
   0.000000000000000E+000
   0.000000000000000E+000
   0.000000000000000E+000
   0.000000000000000E+000
   0.000000000000000E+000
   0.000000000000000E+000
   0.000000000000000E+000
  -3.660926182670585E-001
   0.000000000000000E+000
   0.000000000000000E+000
   0.000000000000000E+000
   0.000000000000000E+000
   0.000000000000000E+000
   0.000000000000000E+000
   0.000000000000000E+000
   0.000000000000000E+000
   0.000000000000000E+000
   6.860253254341607E-001
   0.000000000000000E+000
   0.000000000000000E+000
  -3.920910987589015E-001
  -1.318538535698673E-002
   0.000000000000000E+000
   0.000000000000000E+000
   0.000000000000000E+000
   0.000000000000000E+000
   0.000000000000000E+000
   0.000000000000000E+000
   6.341377574598923E-001
   0.000000000000000E+000
   0.000000000000000E+000
   0.000000000000000E+000
        1.263676863418407
   0.000000000000000E+000
   0.000000000000000E+000
   0.000000000000000E+000
   0.000000000000000E+000
   0.000000000000000E+000
   0.000000000000000E+000
   0.000000000000000E+000
   0.000000000000000E+000
   0.000000000000000E+000
   0.000000000000000E+000
   0.000000000000000E+000
  -4.166877711270610E-001
   1.388484385530085E-001
   0.000000000000000E+000
   0.000000000000000E+000
   0.000000000000000E+000
   0.000000000000000E+000
   0.000000000000000E+000
   0.000000000000000E+000
   0.000000000000000E+000
   0.000000000000000E+000
   0.000000000000000E+000
   0.000000000000000E+000
   4.082604104633285E-001
   0.000000000000000E+000
   0.000000000000000E+000
   0.000000000000000E+000
   0.000000000000000E+000
   0.000000000000000E+000
   0.000000000000000E+000
   0.000000000000000E+000
   0.000000000000000E+000
   0.000000000000000E+000
   6.341377574598923E-001
   0.000000000000000E+000
  -4.166877711270610E-001
   5.722967722946101E-002
   0.000000000000000E+000
   0.000000000000000E+000
   0.000000000000000E+000
   0.000000000000000E+000
   0.000000000000000E+000
   0.000000000000000E+000
   0.000000000000000E+000
   0.000000000000000E+000
   0.000000000000000E+000
   0.000000000000000E+000
  -4.356877451687075E-001
   0.000000000000000E+000
   0.000000000000000E+000
   0.000000000000000E+000
   0.000000000000000E+000
   0.000000000000000E+000
   0.000000000000000E+000
   0.000000000000000E+000
   0.000000000000000E+000
   0.000000000000000E+000
   0.000000000000000E+000
   6.341377574598923E-001
  -4.166877711270610E-001
  -2.329484722412286E-002
   0.000000000000000E+000
   0.000000000000000E+000
   0.000000000000000E+000
   0.000000000000000E+000
   0.000000000000000E+000
   0.000000000000000E+000
   0.000000000000000E+000
   0.000000000000000E+000
   0.000000000000000E+000
   5.274102234118531E-001
   0.000000000000000E+000
   0.000000000000000E+000
   0.000000000000000E+000
   0.000000000000000E+000
   0.000000000000000E+000
   0.000000000000000E+000
   0.000000000000000E+000
   0.000000000000000E+000
   0.000000000000000E+000
   0.000000000000000E+000
   0.000000000000000E+000
   0.000000000000000E+000
   0.000000000000000E+000
   6.470127074010470E-002
   0.000000000000000E+000
   0.000000000000000E+000
   0.000000000000000E+000
   0.000000000000000E+000
   0.000000000000000E+000
   0.000000000000000E+000
   0.000000000000000E+000
   0.000000000000000E+000
   0.000000000000000E+000
   0.000000000000000E+000
   4.165613152275764E-001
   0.000000000000000E+000
   0.000000000000000E+000
   0.000000000000000E+000
   0.000000000000000E+000
   0.000000000000000E+000
   0.000000000000000E+000
   0.000000000000000E+000
   0.000000000000000E+000
   0.000000000000000E+000
   0.000000000000000E+000
   0.000000000000000E+000
   0.000000000000000E+000
   6.198970245125612E-002
   0.000000000000000E+000
   0.000000000000000E+000
   0.000000000000000E+000
   0.000000000000000E+000
   0.000000000000000E+000
   0.000000000000000E+000
   0.000000000000000E+000
   0.000000000000000E+000
   0.000000000000000E+000
   4.632505537710413E-001
   3.442885400552752E-001
   0.000000000000000E+000
   0.000000000000000E+000
   0.000000000000000E+000
   0.000000000000000E+000
   0.000000000000000E+000
   0.000000000000000E+000
   0.000000000000000E+000
   0.000000000000000E+000
   0.000000000000000E+000
   0.000000000000000E+000
   0.000000000000000E+000
   0.000000000000000E+000
   7.129569286357293E-002
   1.583498653843066E-002
   0.000000000000000E+000
   6.937308000765502E-002
   0.000000000000000E+000
   0.000000000000000E+000
   1.008376901388817E-001
   0.000000000000000E+000
   0.000000000000000E+000
   0.000000000000000E+000
   6.579066262719868E-002
   0.000000000000000E+000
   0.000000000000000E+000
   0.000000000000000E+000
   0.000000000000000E+000
   1.128973853957302E-001
   0.000000000000000E+000
   0.000000000000000E+000
   0.000000000000000E+000
   0.000000000000000E+000
   0.000000000000000E+000
   1.147304747194279E-001
   0.000000000000000E+000
   0.000000000000000E+000
   0.000000000000000E+000
   0.000000000000000E+000
   0.000000000000000E+000
   0.000000000000000E+000
   8.936261034501550E-002
   0.000000000000000E+000
   0.000000000000000E+000
   0.000000000000000E+000
   0.000000000000000E+000
   0.000000000000000E+000
   0.000000000000000E+000
   0.000000000000000E+000
   9.936934024793302E-002
   0.000000000000000E+000
   0.000000000000000E+000
   0.000000000000000E+000
   0.000000000000000E+000
   0.000000000000000E+000
   0.000000000000000E+000
   0.000000000000000E+000
   0.000000000000000E+000
   9.728765908212213E-002
   0.000000000000000E+000
   0.000000000000000E+000
   0.000000000000000E+000
   1.569600540927651E-001
   1.159627670967160E-001
  -7.835856235592445E-002
   0.000000000000000E+000
   0.000000000000000E+000
   0.000000000000000E+000
        1.366456066041267
   0.000000000000000E+000
   0.000000000000000E+000
   0.000000000000000E+000
   0.000000000000000E+000
   0.000000000000000E+000
   0.000000000000000E+000
   1.889604640285875E-001
   6.825151156751247E-002
  -9.367159514916817E-002
   2.369374040854224E-001
        1.070944026109818
   4.587792289523705E-003
   9.399581312512995E-003
   1.603345818220369E-003
   8.136316022088750E-003
   8.630270789933787E-003
  -5.831661564935966E-003
   1.192082238661251E-002
   5.839806201157703E-003
  -8.014825601090831E-003
   9.456192310060449E-002
   8.880815573283879E-002
   2.147437676868749E-002
   0.000000000000000E+000
   0.000000000000000E+000
   0.000000000000000E+000
   0.000000000000000E+000
   0.000000000000000E+000
   0.000000000000000E+000
   0.000000000000000E+000
   0.000000000000000E+000
   0.000000000000000E+000
   1.195812864230631E-002
   0.000000000000000E+000
   0.000000000000000E+000
   2.068065492015541E-002
   0.000000000000000E+000
   0.000000000000000E+000
   0.000000000000000E+000
   0.000000000000000E+000
   0.000000000000000E+000
   0.000000000000000E+000
   0.000000000000000E+000
   0.000000000000000E+000
   0.000000000000000E+000
  -1.230796861018224E-002
   0.000000000000000E+000
   0.000000000000000E+000
   0.000000000000000E+000
   2.452577223896307E-002
   0.000000000000000E+000
   0.000000000000000E+000
   0.000000000000000E+000
   0.000000000000000E+000
   0.000000000000000E+000
   0.000000000000000E+000
   0.000000000000000E+000
   0.000000000000000E+000
   0.000000000000000E+000
   0.000000000000000E+000
   8.247792163843229E-003
   0.000000000000000E+000
   0.000000000000000E+000
   0.000000000000000E+000
   1.938775756599894E-002
   0.000000000000000E+000
   0.000000000000000E+000
   0.000000000000000E+000
   0.000000000000000E+000
   0.000000000000000E+000
   0.000000000000000E+000
   0.000000000000000E+000
   0.000000000000000E+000
   0.000000000000000E+000
   0.000000000000000E+000
  -1.299983870909372E-002
   0.000000000000000E+000
   0.000000000000000E+000
   0.000000000000000E+000
   0.000000000000000E+000
   2.031875910559393E-002
  -1.157795702522487E-003
  -7.963781568217133E-003
  -1.481572247869339E-002
  -3.041643951594466E-003
   0.000000000000000E+000
   0.000000000000000E+000
  -3.718790461329360E-003
   0.000000000000000E+000
   0.000000000000000E+000
  -4.909713304091881E-003
  -2.597351632030512E-003
   0.000000000000000E+000
  -1.181982706770440E-002
  -1.401746645285982E-002
  -1.273956863834727E-002
  -1.335132365827168E-002
   6.003052291797221E-002
   9.337412290484155E-004
   3.217784197674056E-003
   1.197745438066782E-003
   1.418020922479704E-003
   0.000000000000000E+000
   0.000000000000000E+000
   1.604176213501479E-003
   0.000000000000000E+000
   0.000000000000000E+000
   1.439776577550465E-002
   1.344512106019645E-002
   0.000000000000000E+000
   2.311719531595132E-003
  -9.775043407326568E-004
   2.013377100406308E-003
  -1.383508829374292E-003
  -8.390260645187882E-003
   7.401598943703461E-003
   0.000000000000000E+000
   0.000000000000000E+000
   0.000000000000000E+000
   0.000000000000000E+000
   0.000000000000000E+000
   0.000000000000000E+000
   0.000000000000000E+000
   0.000000000000000E+000
   0.000000000000000E+000
   4.554115899616055E-002
   0.000000000000000E+000
   0.000000000000000E+000
   0.000000000000000E+000
   0.000000000000000E+000
   0.000000000000000E+000
   0.000000000000000E+000
   0.000000000000000E+000
   0.000000000000000E+000
   5.048806146505147E-002
   0.000000000000000E+000
   0.000000000000000E+000
   0.000000000000000E+000
   0.000000000000000E+000
   0.000000000000000E+000
   0.000000000000000E+000
   0.000000000000000E+000
   0.000000000000000E+000
   0.000000000000000E+000
  -3.219182057587341E-002
   0.000000000000000E+000
   0.000000000000000E+000
   0.000000000000000E+000
   0.000000000000000E+000
   0.000000000000000E+000
   0.000000000000000E+000
   0.000000000000000E+000
   0.000000000000000E+000
   0.000000000000000E+000
   6.032463667642558E-002
   0.000000000000000E+000
   0.000000000000000E+000
   0.000000000000000E+000
   0.000000000000000E+000
   0.000000000000000E+000
   0.000000000000000E+000
   0.000000000000000E+000
   0.000000000000000E+000
   0.000000000000000E+000
   0.000000000000000E+000
   3.071373390470943E-002
   0.000000000000000E+000
   0.000000000000000E+000
   0.000000000000000E+000
   0.000000000000000E+000
   0.000000000000000E+000
   0.000000000000000E+000
   0.000000000000000E+000
   0.000000000000000E+000
   0.000000000000000E+000
   4.770665448420151E-002
   0.000000000000000E+000
   0.000000000000000E+000
   0.000000000000000E+000
   0.000000000000000E+000
   0.000000000000000E+000
   0.000000000000000E+000
   0.000000000000000E+000
   0.000000000000000E+000
   0.000000000000000E+000
   0.000000000000000E+000
  -3.543803309591308E-002
   0.000000000000000E+000
   0.000000000000000E+000
   0.000000000000000E+000
   0.000000000000000E+000
   0.000000000000000E+000
   0.000000000000000E+000
   0.000000000000000E+000
   0.000000000000000E+000
   0.000000000000000E+000
   0.000000000000000E+000
   5.157958901857546E-002
  -5.184419242508261E-003
  -2.070032279791427E-002
  -2.913786421730414E-002
  -9.793565310117689E-003
   0.000000000000000E+000
   0.000000000000000E+000
  -1.349751299914642E-002
   0.000000000000000E+000
   0.000000000000000E+000
  -2.974501979398429E-002
  -2.379283840632180E-002
   0.000000000000000E+000
   0.000000000000000E+000
   0.000000000000000E+000
   0.000000000000000E+000
   0.000000000000000E+000
   0.000000000000000E+000
   0.000000000000000E+000
  -2.885596021037687E-002
  -3.447795904870167E-002
  -3.134773050666049E-002
  -3.389261044775337E-002
   1.485560370639519E-001
   2.905360017161504E-003
   5.909672184153496E-003
   1.884929987215593E-003
   3.640829503706156E-003
   0.000000000000000E+000
   0.000000000000000E+000
   4.497632841998959E-003
   0.000000000000000E+000
   0.000000000000000E+000
   4.020141893311895E-002
   3.191138849163833E-002
   0.000000000000000E+000
   0.000000000000000E+000
   0.000000000000000E+000
   0.000000000000000E+000
   0.000000000000000E+000
   0.000000000000000E+000
   0.000000000000000E+000
   5.045135920805666E-003
  -1.159437635331471E-003
   4.305431123932014E-003
  -1.894759666864269E-003
  -1.954107745511153E-002
   1.130825131845316E-002
      197.118064612983346
       81.586272691769722
       54.344009021657961
       27.349449172454133
       20.651908258985426
       17.979228854582871
       -1.413032239001891
   8.899536186410817E-002
        4.700539485993361
       20.433337766397024
  -7.498541841681425E-001
        2.849979402342343
        4.513046659038270
        6.290248322824706
        9.890784281210408
        9.383105605891402
        6.739776952311129
        6.183093870271022
        1.590781012010498
        3.095998113712747
        8.853752321321043
       -2.036116552441559
        1.361310226768653
        5.422057183692736
        2.720301358033447
        2.396013955048134
        3.645055792262236
       18.964751032396983
        3.364916032770728
        5.982007204927550
        6.837290603422975
        3.027061284205410
        3.317110013565956
        3.403986049446974
        7.761778473705852
       10.758213945000225
       12.573291689968837
        9.237458709989907
        7.139855425853083
        3.129409204965285
        3.243015512278172
        3.849174620280861
   7.792558343970521E-001
        4.067073636407571
       11.128430707140502
       27.127070377282859
       13.807702378725956
        3.272961707124696
       -4.313036408504402
       -2.282649566786024
        1.460399893439408
  -9.037445830701205E-001
   4.353958333625129E-002
   8.895623130459410E-001
        6.634438202543424
       31.238954808675338
       16.238909003085375
        3.992659553836065
       -1.302453606985184
  -5.779985381985565E-001
   5.754730613885830E-001
       -5.352852399600955
       -1.500429970875346
        2.895887295689858
        5.613007175157932
        8.918917705977355
     -312.213178779318298
     -160.667425977740692
      -43.337792077133464
       15.660285781187669
        9.560152473500683
       -8.724813182610074
       14.425742877350155
        1.166733021872756
      -14.027771489263424
      -59.423317286045574
      -70.031763542988273
      774.619656215339319
        9.856853996328613
        8.639214178592049
        8.206846086930797
        6.946604023229503
        3.856827984285752
        2.608162960688104
        3.563219208371564
        3.766062116731235
        3.859236756685027
  -4.522924453065076E-001
        1.038710651859171
      -10.295037597708680
       50.301666867988232
       15.120531113146427
       11.409141351241699
        9.589548715970048
        3.260872351618025
        2.417928878355340
        3.494016625521936
        4.865251479275456
        4.307422813692444
        3.536656736472557
        2.008138042664819
        1.600526141774664
      -23.709961857796088
       21.360357737438001
       42.325326418405936
       10.895152567694568
       10.468824109699167
        9.874872869848602
        2.952830476641571
        3.197749939021544
        3.699770582386164
        6.869525565842629
        5.084666685281695
        3.577473101738283
   7.767505525559263E-001
   1.240399583843969E-001
      -12.096010721136027
       17.638124066181700
       16.121056172585799
       51.085546200581810
       14.340449334321974
       12.439318142237717
       11.369165388289700
        4.709692392720687
        3.771304992234099
        3.511896467892520
        3.881209280963443
        4.266202012822788
        4.899614490969303
        1.010295527337615
        2.624807211327683
      -23.948966885430387
       16.806267259438158
       18.758017676550470
       27.402502908699063
       52.565984926615499
       11.385105960574366
       11.420954226749702
       14.987915347131796
        8.698859821278589
        5.732008154354915
        5.169470195058516
        9.223960057010750
        7.461947979031222
        5.729315690298205
  -5.483458103915906E-001
  -3.712912364732917E-001
       -6.872263050922998
       26.095639234355843
       24.877522936766798
       24.237546005295645
       30.921377751874580
       80.293889443061715
     -159.826644766724286
      -85.924825604380104
      -15.976996621536008
       15.092519611878007
        7.165640610665051
       -4.823440744726515
       17.207292417241160
        3.858109933340716
       -9.301837685747726
      -32.131543043077407
      -37.969407859720107
      344.415545522292803
       26.636459696899820
       20.397370488725024
       14.053599445053264
       23.643950363352236
       72.930927888245535
      569.291090303773672
        7.238642826617042
        8.503882971792361
        7.520329078176483
        7.265074142510825
        3.989340442143059
        2.523865164323596
        3.774942856425158
        3.806632135083693
        3.589294009103322
  -9.048502915667891E-001
   5.221845082445329E-001
       -6.420900325123831
        5.213729695606870
        4.277267060219311
        5.067707450568344
        5.658330755733162
        8.191317113637023
   3.930983470288396E-001
       21.772028628604726
       15.937519575366863
       11.743725833044605
        9.737063669381390
        3.659622445898925
        2.456612153506210
        3.445767787995985
        4.167846126043967
        4.206959487511630
        3.587217746025157
        2.087347242347307
        1.843513981181362
      -25.402845061161109
        4.506911448361024
        5.379084335638914
        5.642940467926019
        5.979014744458222
        8.184947919883296
       -9.596740198194976
        9.876282373343392
       18.005172105365741
        8.345622238521862
        9.729506505713008
        8.699159704885231
        4.281869422065485
        3.235412513657564
        3.614381960573899
        8.099100722267590
        5.296753066994477
        3.145430849960585
   4.405287528717228E-001
  -6.627938893882428E-001
       -8.066709271887134
        4.906242995468668
        5.359204482313640
        6.227444917144445
        5.659145391596143
        9.131281785634098
   1.418652928060880E-001
        9.592902366316874
        8.962353984726196
       24.016660192750436
       17.434039796139448
       13.427285149826746
       10.977893079007574
        5.515856734096982
        3.920632617953691
        3.397322820420871
        3.487020440941745
        4.169125360133807
        4.922339114647912
        1.137749109129188
        3.050308679716500
      -27.827607505202593
        5.975794860667068
        5.748986351111235
        6.102563778298216
        7.426086364159303
        9.485311150627805
      -10.520447121111182
        8.264412645043365
       10.993066059928992
       13.503002135715771
       23.326991342235868
        9.823570840601018
       10.926522079439133
       14.004982967929148
        9.718882318183304
        6.122808137958425
        4.873485720332742
        8.925335346728710
        7.398510096865065
        5.563274525617734
       -1.305715913218380
  -8.570434531700410E-001
       -1.954878192741432
        8.261646805314257
        7.759566992677696
        9.212473010199533
        9.454336225954544
       14.454465993340140
        5.900909568112766
       13.774854303915685
       14.707118541191893
       16.599561289620087
       18.857954143794945
       48.448415382026596
     -269.270616460981500
     -136.536611540757804
      -28.082098948390623
       26.457735042308386
       12.895494643027035
       -8.699195743183395
       24.608873054809123
        5.703013141555260
      -14.756167401427632
      -53.973452770901190
      -61.689813194887165
      568.050087610162336
       -2.373800370859758
      -15.272104948612792
       -3.843719545394645
      -13.543526187784039
        4.942007012698930
      307.582108110627587
        6.053853730121901
       -3.562072802483204
       10.499031495499821
        4.230396250913806
       61.534847381629675
      840.345558137297758
