   1.554473593702157E-002
           3
          18
          20
   4.658247236174420E-001
   0.000000000000000E+000
   0.000000000000000E+000
   0.000000000000000E+000
   0.000000000000000E+000
   0.000000000000000E+000
   0.000000000000000E+000
   0.000000000000000E+000
   0.000000000000000E+000
   0.000000000000000E+000
   0.000000000000000E+000
   0.000000000000000E+000
   0.000000000000000E+000
   0.000000000000000E+000
   0.000000000000000E+000
   1.868501668937600E-001
   0.000000000000000E+000
   0.000000000000000E+000
   0.000000000000000E+000
   0.000000000000000E+000
   0.000000000000000E+000
   4.658247236174420E-001
   0.000000000000000E+000
   0.000000000000000E+000
   0.000000000000000E+000
   0.000000000000000E+000
   0.000000000000000E+000
   0.000000000000000E+000
   0.000000000000000E+000
   0.000000000000000E+000
   0.000000000000000E+000
   0.000000000000000E+000
   0.000000000000000E+000
   0.000000000000000E+000
   0.000000000000000E+000
   1.445948221274460E-001
   0.000000000000000E+000
   0.000000000000000E+000
   0.000000000000000E+000
   0.000000000000000E+000
   0.000000000000000E+000
   0.000000000000000E+000
   4.658247236174420E-001
   0.000000000000000E+000
   0.000000000000000E+000
   0.000000000000000E+000
   0.000000000000000E+000
   0.000000000000000E+000
   0.000000000000000E+000
   0.000000000000000E+000
   0.000000000000000E+000
   0.000000000000000E+000
   0.000000000000000E+000
   0.000000000000000E+000
   0.000000000000000E+000
   7.101119953308818E-002
   0.000000000000000E+000
   0.000000000000000E+000
   0.000000000000000E+000
   0.000000000000000E+000
   0.000000000000000E+000
   0.000000000000000E+000
   0.000000000000000E+000
   6.389033661970959E-001
   0.000000000000000E+000
   0.000000000000000E+000
   0.000000000000000E+000
   0.000000000000000E+000
   0.000000000000000E+000
   0.000000000000000E+000
   0.000000000000000E+000
   0.000000000000000E+000
        1.434048238727820
   0.000000000000000E+000
   0.000000000000000E+000
   1.259522262011181E-001
   0.000000000000000E+000
   0.000000000000000E+000
   0.000000000000000E+000
   0.000000000000000E+000
   0.000000000000000E+000
   0.000000000000000E+000
   0.000000000000000E+000
   0.000000000000000E+000
   6.389033661970959E-001
   0.000000000000000E+000
   0.000000000000000E+000
   0.000000000000000E+000
   0.000000000000000E+000
   0.000000000000000E+000
   0.000000000000000E+000
   0.000000000000000E+000
   8.903619859070461E-001
   0.000000000000000E+000
   0.000000000000000E+000
   7.820035004493708E-002
   0.000000000000000E+000
   0.000000000000000E+000
   0.000000000000000E+000
   0.000000000000000E+000
   0.000000000000000E+000
   0.000000000000000E+000
   0.000000000000000E+000
   0.000000000000000E+000
   0.000000000000000E+000
   6.389033661970959E-001
   0.000000000000000E+000
   0.000000000000000E+000
   0.000000000000000E+000
   0.000000000000000E+000
   0.000000000000000E+000
   0.000000000000000E+000
   2.180647912294436E-001
   0.000000000000000E+000
   0.000000000000000E+000
   1.915259554713169E-002
   0.000000000000000E+000
   0.000000000000000E+000
   0.000000000000000E+000
   0.000000000000000E+000
   0.000000000000000E+000
   0.000000000000000E+000
   0.000000000000000E+000
   0.000000000000000E+000
   0.000000000000000E+000
   0.000000000000000E+000
   8.736642622715222E-001
   0.000000000000000E+000
   0.000000000000000E+000
   0.000000000000000E+000
   0.000000000000000E+000
   0.000000000000000E+000
   0.000000000000000E+000
        1.506465228210789
   0.000000000000000E+000
   6.119450247051574E-002
   0.000000000000000E+000
   0.000000000000000E+000
   0.000000000000000E+000
   0.000000000000000E+000
   0.000000000000000E+000
   0.000000000000000E+000
   0.000000000000000E+000
   0.000000000000000E+000
   0.000000000000000E+000
   0.000000000000000E+000
   0.000000000000000E+000
   8.736642622715222E-001
   0.000000000000000E+000
   0.000000000000000E+000
   0.000000000000000E+000
   0.000000000000000E+000
   0.000000000000000E+000
   4.457127414762243E-001
   0.000000000000000E+000
   1.810540923788965E-002
   0.000000000000000E+000
   0.000000000000000E+000
   0.000000000000000E+000
   0.000000000000000E+000
   0.000000000000000E+000
   0.000000000000000E+000
   0.000000000000000E+000
   0.000000000000000E+000
   0.000000000000000E+000
   0.000000000000000E+000
   0.000000000000000E+000
   0.000000000000000E+000
   8.736642622715222E-001
   0.000000000000000E+000
   0.000000000000000E+000
   0.000000000000000E+000
   0.000000000000000E+000
  -4.924191991179620E-001
   0.000000000000000E+000
  -2.000268398676718E-002
   0.000000000000000E+000
   0.000000000000000E+000
   0.000000000000000E+000
   0.000000000000000E+000
   0.000000000000000E+000
   0.000000000000000E+000
   0.000000000000000E+000
   0.000000000000000E+000
   0.000000000000000E+000
   0.000000000000000E+000
   0.000000000000000E+000
   0.000000000000000E+000
   0.000000000000000E+000
   7.314766843877952E-001
   0.000000000000000E+000
   0.000000000000000E+000
   0.000000000000000E+000
   0.000000000000000E+000
        2.532339536054921
   1.721906805718315E-001
   0.000000000000000E+000
   0.000000000000000E+000
   0.000000000000000E+000
   0.000000000000000E+000
   0.000000000000000E+000
   0.000000000000000E+000
   0.000000000000000E+000
   0.000000000000000E+000
   0.000000000000000E+000
   0.000000000000000E+000
   0.000000000000000E+000
   0.000000000000000E+000
   0.000000000000000E+000
   0.000000000000000E+000
   7.314766843877952E-001
   0.000000000000000E+000
   0.000000000000000E+000
   0.000000000000000E+000
        2.019419689458184
   1.373138340009789E-001
   0.000000000000000E+000
   0.000000000000000E+000
   0.000000000000000E+000
   0.000000000000000E+000
   0.000000000000000E+000
   0.000000000000000E+000
   0.000000000000000E+000
   0.000000000000000E+000
   0.000000000000000E+000
   0.000000000000000E+000
   0.000000000000000E+000
   0.000000000000000E+000
   0.000000000000000E+000
   0.000000000000000E+000
   0.000000000000000E+000
   7.314766843877952E-001
   0.000000000000000E+000
   0.000000000000000E+000
        1.012289190616428
   6.883230395687778E-002
   0.000000000000000E+000
   0.000000000000000E+000
   0.000000000000000E+000
   0.000000000000000E+000
   0.000000000000000E+000
   0.000000000000000E+000
   0.000000000000000E+000
   0.000000000000000E+000
   0.000000000000000E+000
   0.000000000000000E+000
   0.000000000000000E+000
   0.000000000000000E+000
   0.000000000000000E+000
   0.000000000000000E+000
   0.000000000000000E+000
   0.000000000000000E+000
   4.383780695806159E-001
   0.000000000000000E+000
   0.000000000000000E+000
   5.897021427181701E-002
   0.000000000000000E+000
   0.000000000000000E+000
   0.000000000000000E+000
   0.000000000000000E+000
   0.000000000000000E+000
   0.000000000000000E+000
   0.000000000000000E+000
   0.000000000000000E+000
   0.000000000000000E+000
   0.000000000000000E+000
   0.000000000000000E+000
   0.000000000000000E+000
   0.000000000000000E+000
   0.000000000000000E+000
   0.000000000000000E+000
   0.000000000000000E+000
   0.000000000000000E+000
        1.120926157989366
   0.000000000000000E+000
   5.847795131592604E-002
   0.000000000000000E+000
   0.000000000000000E+000
   0.000000000000000E+000
   0.000000000000000E+000
   0.000000000000000E+000
   0.000000000000000E+000
   0.000000000000000E+000
   0.000000000000000E+000
   0.000000000000000E+000
   0.000000000000000E+000
   0.000000000000000E+000
   0.000000000000000E+000
   0.000000000000000E+000
   0.000000000000000E+000
   0.000000000000000E+000
   0.000000000000000E+000
   2.410321107321152E-001
   9.745014386687960E-001
   0.000000000000000E+000
   6.075527926796023E-002
   0.000000000000000E+000
   0.000000000000000E+000
   0.000000000000000E+000
   0.000000000000000E+000
   0.000000000000000E+000
   0.000000000000000E+000
   0.000000000000000E+000
   0.000000000000000E+000
   0.000000000000000E+000
   0.000000000000000E+000
   0.000000000000000E+000
   0.000000000000000E+000
   0.000000000000000E+000
   0.000000000000000E+000
   0.000000000000000E+000
   0.000000000000000E+000
   0.000000000000000E+000
   0.000000000000000E+000
   6.578770767150767E-001
   6.287509739261096E-002
   0.000000000000000E+000
   0.000000000000000E+000
   0.000000000000000E+000
   0.000000000000000E+000
   0.000000000000000E+000
   0.000000000000000E+000
   0.000000000000000E+000
   0.000000000000000E+000
   0.000000000000000E+000
   0.000000000000000E+000
   0.000000000000000E+000
   0.000000000000000E+000
   0.000000000000000E+000
   0.000000000000000E+000
   0.000000000000000E+000
   0.000000000000000E+000
   3.378043449879024E-001
   0.000000000000000E+000
   5.719396885839702E-001
   6.855930116682707E-002
   0.000000000000000E+000
   0.000000000000000E+000
   0.000000000000000E+000
   0.000000000000000E+000
   0.000000000000000E+000
   0.000000000000000E+000
   0.000000000000000E+000
   0.000000000000000E+000
   0.000000000000000E+000
   0.000000000000000E+000
   0.000000000000000E+000
   0.000000000000000E+000
   0.000000000000000E+000
   0.000000000000000E+000
   0.000000000000000E+000
   0.000000000000000E+000
   0.000000000000000E+000
   8.637606505764563E-001
   3.617185972706337E-001
   5.968270200565504E-002
   0.000000000000000E+000
   0.000000000000000E+000
   0.000000000000000E+000
   0.000000000000000E+000
   5.288004969295460E-001
   0.000000000000000E+000
   0.000000000000000E+000
   0.000000000000000E+000
   0.000000000000000E+000
   0.000000000000000E+000
   0.000000000000000E+000
   0.000000000000000E+000
   0.000000000000000E+000
   0.000000000000000E+000
   0.000000000000000E+000
   0.000000000000000E+000
   0.000000000000000E+000
   0.000000000000000E+000
   0.000000000000000E+000
   0.000000000000000E+000
  -5.288004969295460E-001
   2.360224907875851E-001
   0.000000000000000E+000
   0.000000000000000E+000
   0.000000000000000E+000
   5.288004969295460E-001
   0.000000000000000E+000
   0.000000000000000E+000
   0.000000000000000E+000
   0.000000000000000E+000
   0.000000000000000E+000
   0.000000000000000E+000
   0.000000000000000E+000
   0.000000000000000E+000
   0.000000000000000E+000
   0.000000000000000E+000
   0.000000000000000E+000
   0.000000000000000E+000
   0.000000000000000E+000
   0.000000000000000E+000
  -5.288004969295460E-001
   1.742080978631388E-001
   0.000000000000000E+000
   0.000000000000000E+000
   0.000000000000000E+000
   0.000000000000000E+000
   5.288004969295460E-001
   0.000000000000000E+000
   0.000000000000000E+000
   0.000000000000000E+000
   0.000000000000000E+000
   0.000000000000000E+000
   0.000000000000000E+000
   0.000000000000000E+000
   0.000000000000000E+000
   0.000000000000000E+000
   0.000000000000000E+000
   0.000000000000000E+000
   0.000000000000000E+000
   0.000000000000000E+000
  -5.288004969295460E-001
   6.656427233037701E-002
   0.000000000000000E+000
   0.000000000000000E+000
   0.000000000000000E+000
   0.000000000000000E+000
   0.000000000000000E+000
   7.009925531295648E-001
   0.000000000000000E+000
   0.000000000000000E+000
   0.000000000000000E+000
   0.000000000000000E+000
   0.000000000000000E+000
   0.000000000000000E+000
   0.000000000000000E+000
   0.000000000000000E+000
        1.526084991287759
   0.000000000000000E+000
   0.000000000000000E+000
   0.000000000000000E+000
  -4.443306209668331E-001
   1.442185516351623E-001
   0.000000000000000E+000
   0.000000000000000E+000
   0.000000000000000E+000
   0.000000000000000E+000
   0.000000000000000E+000
   0.000000000000000E+000
   7.009925531295648E-001
   0.000000000000000E+000
   0.000000000000000E+000
   0.000000000000000E+000
   0.000000000000000E+000
   0.000000000000000E+000
   0.000000000000000E+000
   0.000000000000000E+000
        1.013419352698201
   0.000000000000000E+000
   0.000000000000000E+000
   0.000000000000000E+000
  -4.443306209668331E-001
   8.114821868695409E-002
   0.000000000000000E+000
   0.000000000000000E+000
   0.000000000000000E+000
   0.000000000000000E+000
   0.000000000000000E+000
   0.000000000000000E+000
   0.000000000000000E+000
   7.009925531295648E-001
   0.000000000000000E+000
   0.000000000000000E+000
   0.000000000000000E+000
   0.000000000000000E+000
   0.000000000000000E+000
   0.000000000000000E+000
   3.794808103069520E-001
   0.000000000000000E+000
   0.000000000000000E+000
   0.000000000000000E+000
  -4.443306209668331E-001
   3.158371254779764E-003
   0.000000000000000E+000
   0.000000000000000E+000
   0.000000000000000E+000
   0.000000000000000E+000
   0.000000000000000E+000
   0.000000000000000E+000
   0.000000000000000E+000
   0.000000000000000E+000
   9.048379847473570E-001
   0.000000000000000E+000
   0.000000000000000E+000
   0.000000000000000E+000
   0.000000000000000E+000
   0.000000000000000E+000
   0.000000000000000E+000
        1.568692783789317
   0.000000000000000E+000
   0.000000000000000E+000
  -2.652618974109078E-001
   6.327126219865414E-002
   0.000000000000000E+000
   0.000000000000000E+000
   0.000000000000000E+000
   0.000000000000000E+000
   0.000000000000000E+000
   0.000000000000000E+000
   0.000000000000000E+000
   0.000000000000000E+000
   0.000000000000000E+000
   9.048379847473570E-001
   0.000000000000000E+000
   0.000000000000000E+000
   0.000000000000000E+000
   0.000000000000000E+000
   0.000000000000000E+000
   7.274061465623456E-001
   0.000000000000000E+000
   0.000000000000000E+000
  -2.652618974109078E-001
   1.540317061377744E-002
   0.000000000000000E+000
   0.000000000000000E+000
   0.000000000000000E+000
   0.000000000000000E+000
   0.000000000000000E+000
   0.000000000000000E+000
   0.000000000000000E+000
   0.000000000000000E+000
   0.000000000000000E+000
   0.000000000000000E+000
   9.048379847473570E-001
   0.000000000000000E+000
   0.000000000000000E+000
   0.000000000000000E+000
   0.000000000000000E+000
  -1.662969162578587E-002
   0.000000000000000E+000
   0.000000000000000E+000
  -2.652618974109078E-001
  -2.693147975249386E-002
   0.000000000000000E+000
   0.000000000000000E+000
   0.000000000000000E+000
   0.000000000000000E+000
   0.000000000000000E+000
   0.000000000000000E+000
   0.000000000000000E+000
   0.000000000000000E+000
   0.000000000000000E+000
   0.000000000000000E+000
   0.000000000000000E+000
   7.855851666079589E-001
   0.000000000000000E+000
   0.000000000000000E+000
   0.000000000000000E+000
   0.000000000000000E+000
        2.484202180635403
   0.000000000000000E+000
  -3.855065250564438E-001
   1.988402225407979E-001
   0.000000000000000E+000
   0.000000000000000E+000
   0.000000000000000E+000
   0.000000000000000E+000
   0.000000000000000E+000
   0.000000000000000E+000
   0.000000000000000E+000
   0.000000000000000E+000
   0.000000000000000E+000
   0.000000000000000E+000
   0.000000000000000E+000
   0.000000000000000E+000
   7.855851666079589E-001
   0.000000000000000E+000
   0.000000000000000E+000
   0.000000000000000E+000
        2.030595922044164
   0.000000000000000E+000
  -3.855065250564438E-001
   1.556370567822482E-001
   0.000000000000000E+000
   0.000000000000000E+000
   0.000000000000000E+000
   0.000000000000000E+000
   0.000000000000000E+000
   0.000000000000000E+000
   0.000000000000000E+000
   0.000000000000000E+000
   0.000000000000000E+000
   0.000000000000000E+000
   0.000000000000000E+000
   0.000000000000000E+000
   0.000000000000000E+000
   7.855851666079589E-001
   0.000000000000000E+000
   0.000000000000000E+000
        1.139929084868899
   0.000000000000000E+000
  -3.855065250564438E-001
   7.080659804556309E-002
   0.000000000000000E+000
   0.000000000000000E+000
   0.000000000000000E+000
   0.000000000000000E+000
   0.000000000000000E+000
   0.000000000000000E+000
   0.000000000000000E+000
   0.000000000000000E+000
   0.000000000000000E+000
   0.000000000000000E+000
   0.000000000000000E+000
   0.000000000000000E+000
   0.000000000000000E+000
   0.000000000000000E+000
   4.692496932639861E-001
   0.000000000000000E+000
   0.000000000000000E+000
   0.000000000000000E+000
   0.000000000000000E+000
   9.058035990777616E-002
   0.000000000000000E+000
   0.000000000000000E+000
   0.000000000000000E+000
   0.000000000000000E+000
   0.000000000000000E+000
   0.000000000000000E+000
   0.000000000000000E+000
   0.000000000000000E+000
   0.000000000000000E+000
   0.000000000000000E+000
   0.000000000000000E+000
   0.000000000000000E+000
   0.000000000000000E+000
   0.000000000000000E+000
   0.000000000000000E+000
        1.009197708722746
   0.000000000000000E+000
   0.000000000000000E+000
   0.000000000000000E+000
   7.703394316068329E-002
   0.000000000000000E+000
   0.000000000000000E+000
   0.000000000000000E+000
   0.000000000000000E+000
   0.000000000000000E+000
   0.000000000000000E+000
   0.000000000000000E+000
   0.000000000000000E+000
   0.000000000000000E+000
   0.000000000000000E+000
   0.000000000000000E+000
   0.000000000000000E+000
   0.000000000000000E+000
   0.000000000000000E+000
   2.353894610868256E-001
   8.479898320799556E-001
   0.000000000000000E+000
   0.000000000000000E+000
   0.000000000000000E+000
   7.720811888790707E-002
   0.000000000000000E+000
   0.000000000000000E+000
   0.000000000000000E+000
   0.000000000000000E+000
   0.000000000000000E+000
   0.000000000000000E+000
   0.000000000000000E+000
   0.000000000000000E+000
   0.000000000000000E+000
   0.000000000000000E+000
   0.000000000000000E+000
   0.000000000000000E+000
   0.000000000000000E+000
   0.000000000000000E+000
   0.000000000000000E+000
   0.000000000000000E+000
   6.604555711695859E-001
   0.000000000000000E+000
   0.000000000000000E+000
   9.140640110539289E-002
   0.000000000000000E+000
   0.000000000000000E+000
   0.000000000000000E+000
   0.000000000000000E+000
   0.000000000000000E+000
   0.000000000000000E+000
   0.000000000000000E+000
   0.000000000000000E+000
   0.000000000000000E+000
   0.000000000000000E+000
   0.000000000000000E+000
   0.000000000000000E+000
   0.000000000000000E+000
   0.000000000000000E+000
   3.420927546104466E-001
   0.000000000000000E+000
   5.549552917645714E-001
   0.000000000000000E+000
   0.000000000000000E+000
   9.494175153603793E-002
   0.000000000000000E+000
   0.000000000000000E+000
   0.000000000000000E+000
   0.000000000000000E+000
   0.000000000000000E+000
   0.000000000000000E+000
   0.000000000000000E+000
   0.000000000000000E+000
   0.000000000000000E+000
   0.000000000000000E+000
   0.000000000000000E+000
   0.000000000000000E+000
   0.000000000000000E+000
   0.000000000000000E+000
   0.000000000000000E+000
   7.357260517787783E-001
   3.313039586409294E-001
   0.000000000000000E+000
   0.000000000000000E+000
   7.341646938268995E-002
   0.000000000000000E+000
   0.000000000000000E+000
   4.469376501199793E-001
   0.000000000000000E+000
   0.000000000000000E+000
   0.000000000000000E+000
   0.000000000000000E+000
   0.000000000000000E+000
   0.000000000000000E+000
   0.000000000000000E+000
   0.000000000000000E+000
   0.000000000000000E+000
   0.000000000000000E+000
   0.000000000000000E+000
   0.000000000000000E+000
   0.000000000000000E+000
   0.000000000000000E+000
   0.000000000000000E+000
   0.000000000000000E+000
   0.000000000000000E+000
  -4.469376501199793E-001
   1.814200306116191E-001
   0.000000000000000E+000
   4.469376501199793E-001
   0.000000000000000E+000
   0.000000000000000E+000
   0.000000000000000E+000
   0.000000000000000E+000
   0.000000000000000E+000
   0.000000000000000E+000
   0.000000000000000E+000
   0.000000000000000E+000
   0.000000000000000E+000
   0.000000000000000E+000
   0.000000000000000E+000
   0.000000000000000E+000
   0.000000000000000E+000
   0.000000000000000E+000
   0.000000000000000E+000
   0.000000000000000E+000
  -4.469376501199793E-001
   1.440988934215569E-001
   0.000000000000000E+000
   0.000000000000000E+000
   4.469376501199793E-001
   0.000000000000000E+000
   0.000000000000000E+000
   0.000000000000000E+000
   0.000000000000000E+000
   0.000000000000000E+000
   0.000000000000000E+000
   0.000000000000000E+000
   0.000000000000000E+000
   0.000000000000000E+000
   0.000000000000000E+000
   0.000000000000000E+000
   0.000000000000000E+000
   0.000000000000000E+000
   0.000000000000000E+000
   0.000000000000000E+000
  -4.469376501199793E-001
   7.910771919322376E-002
   0.000000000000000E+000
   0.000000000000000E+000
   0.000000000000000E+000
   6.190328892580390E-001
   0.000000000000000E+000
   0.000000000000000E+000
   0.000000000000000E+000
   0.000000000000000E+000
   0.000000000000000E+000
   0.000000000000000E+000
   0.000000000000000E+000
   0.000000000000000E+000
        1.361043059075123
   0.000000000000000E+000
   0.000000000000000E+000
   0.000000000000000E+000
   0.000000000000000E+000
   0.000000000000000E+000
  -3.923797290783469E-001
   1.256519504362785E-001
   0.000000000000000E+000
   0.000000000000000E+000
   0.000000000000000E+000
   0.000000000000000E+000
   6.190328892580390E-001
   0.000000000000000E+000
   0.000000000000000E+000
   0.000000000000000E+000
   0.000000000000000E+000
   0.000000000000000E+000
   0.000000000000000E+000
   0.000000000000000E+000
   8.120166090522168E-001
   0.000000000000000E+000
   0.000000000000000E+000
   0.000000000000000E+000
   0.000000000000000E+000
   0.000000000000000E+000
  -3.923797290783469E-001
   8.221832499511543E-002
   0.000000000000000E+000
   0.000000000000000E+000
   0.000000000000000E+000
   0.000000000000000E+000
   0.000000000000000E+000
   6.190328892580390E-001
   0.000000000000000E+000
   0.000000000000000E+000
   0.000000000000000E+000
   0.000000000000000E+000
   0.000000000000000E+000
   0.000000000000000E+000
   1.331159742850548E-001
   0.000000000000000E+000
   0.000000000000000E+000
   0.000000000000000E+000
   0.000000000000000E+000
   0.000000000000000E+000
  -3.923797290783469E-001
   2.851031897643548E-002
   0.000000000000000E+000
   0.000000000000000E+000
   0.000000000000000E+000
   0.000000000000000E+000
   0.000000000000000E+000
   0.000000000000000E+000
   8.624854145521827E-001
   0.000000000000000E+000
   0.000000000000000E+000
   0.000000000000000E+000
   0.000000000000000E+000
   0.000000000000000E+000
   0.000000000000000E+000
        1.373574133070415
   0.000000000000000E+000
   0.000000000000000E+000
   0.000000000000000E+000
   0.000000000000000E+000
  -2.528458369453014E-001
   6.184275868672157E-002
   0.000000000000000E+000
   0.000000000000000E+000
   0.000000000000000E+000
   0.000000000000000E+000
   0.000000000000000E+000
   0.000000000000000E+000
   0.000000000000000E+000
   8.624854145521827E-001
   0.000000000000000E+000
   0.000000000000000E+000
   0.000000000000000E+000
   0.000000000000000E+000
   0.000000000000000E+000
   2.405350325616604E-001
   0.000000000000000E+000
   0.000000000000000E+000
   0.000000000000000E+000
   0.000000000000000E+000
  -2.528458369453014E-001
   2.038661315186344E-002
   0.000000000000000E+000
   0.000000000000000E+000
   0.000000000000000E+000
   0.000000000000000E+000
   0.000000000000000E+000
   0.000000000000000E+000
   0.000000000000000E+000
   0.000000000000000E+000
   8.624854145521827E-001
   0.000000000000000E+000
   0.000000000000000E+000
   0.000000000000000E+000
   0.000000000000000E+000
  -7.615273556223531E-001
   0.000000000000000E+000
   0.000000000000000E+000
   0.000000000000000E+000
   0.000000000000000E+000
  -2.528458369453014E-001
  -1.627729737065168E-002
   0.000000000000000E+000
   0.000000000000000E+000
   0.000000000000000E+000
   0.000000000000000E+000
   0.000000000000000E+000
   0.000000000000000E+000
   0.000000000000000E+000
   0.000000000000000E+000
   0.000000000000000E+000
   7.134249215796029E-001
   0.000000000000000E+000
   0.000000000000000E+000
   0.000000000000000E+000
   0.000000000000000E+000
        2.475088407481613
   0.000000000000000E+000
   0.000000000000000E+000
   0.000000000000000E+000
  -3.500956663863163E-001
   1.676314650353764E-001
   0.000000000000000E+000
   0.000000000000000E+000
   0.000000000000000E+000
   0.000000000000000E+000
   0.000000000000000E+000
   0.000000000000000E+000
   0.000000000000000E+000
   0.000000000000000E+000
   0.000000000000000E+000
   0.000000000000000E+000
   7.134249215796029E-001
   0.000000000000000E+000
   0.000000000000000E+000
   0.000000000000000E+000
        1.946762214145232
   0.000000000000000E+000
   0.000000000000000E+000
   0.000000000000000E+000
  -3.500956663863163E-001
   1.352735465709012E-001
   0.000000000000000E+000
   0.000000000000000E+000
   0.000000000000000E+000
   0.000000000000000E+000
   0.000000000000000E+000
   0.000000000000000E+000
   0.000000000000000E+000
   0.000000000000000E+000
   0.000000000000000E+000
   0.000000000000000E+000
   0.000000000000000E+000
   7.134249215796029E-001
   0.000000000000000E+000
   0.000000000000000E+000
   9.093809816261245E-001
   0.000000000000000E+000
   0.000000000000000E+000
   0.000000000000000E+000
  -3.500956663863163E-001
   7.173799266158014E-002
   0.000000000000000E+000
   0.000000000000000E+000
   0.000000000000000E+000
   0.000000000000000E+000
   0.000000000000000E+000
   0.000000000000000E+000
   0.000000000000000E+000
   0.000000000000000E+000
   0.000000000000000E+000
   0.000000000000000E+000
   0.000000000000000E+000
   0.000000000000000E+000
   4.247350896345921E-001
   0.000000000000000E+000
   0.000000000000000E+000
   0.000000000000000E+000
   0.000000000000000E+000
   0.000000000000000E+000
   0.000000000000000E+000
   5.111619592326887E-002
   0.000000000000000E+000
   0.000000000000000E+000
   0.000000000000000E+000
   0.000000000000000E+000
   0.000000000000000E+000
   0.000000000000000E+000
   0.000000000000000E+000
   0.000000000000000E+000
   0.000000000000000E+000
   0.000000000000000E+000
   0.000000000000000E+000
   0.000000000000000E+000
   0.000000000000000E+000
        1.148767787628602
   0.000000000000000E+000
   0.000000000000000E+000
   0.000000000000000E+000
   0.000000000000000E+000
   0.000000000000000E+000
   5.331832483713531E-002
   0.000000000000000E+000
   0.000000000000000E+000
   0.000000000000000E+000
   0.000000000000000E+000
   0.000000000000000E+000
   0.000000000000000E+000
   0.000000000000000E+000
   0.000000000000000E+000
   0.000000000000000E+000
   0.000000000000000E+000
   0.000000000000000E+000
   0.000000000000000E+000
   2.402851923302207E-001
        1.008537081542894
   0.000000000000000E+000
   0.000000000000000E+000
   0.000000000000000E+000
   0.000000000000000E+000
   0.000000000000000E+000
   5.590983366414326E-002
   0.000000000000000E+000
   0.000000000000000E+000
   0.000000000000000E+000
   0.000000000000000E+000
   0.000000000000000E+000
   0.000000000000000E+000
   0.000000000000000E+000
   0.000000000000000E+000
   0.000000000000000E+000
   0.000000000000000E+000
   0.000000000000000E+000
   0.000000000000000E+000
   0.000000000000000E+000
   0.000000000000000E+000
   6.501623241147021E-001
   0.000000000000000E+000
   0.000000000000000E+000
   0.000000000000000E+000
   0.000000000000000E+000
   5.544769608841568E-002
   0.000000000000000E+000
   0.000000000000000E+000
   0.000000000000000E+000
   0.000000000000000E+000
   0.000000000000000E+000
   0.000000000000000E+000
   0.000000000000000E+000
   0.000000000000000E+000
   0.000000000000000E+000
   0.000000000000000E+000
   0.000000000000000E+000
   0.000000000000000E+000
   3.327039335427586E-001
   0.000000000000000E+000
   5.707966570383846E-001
   0.000000000000000E+000
   0.000000000000000E+000
   0.000000000000000E+000
   0.000000000000000E+000
   6.127936352560970E-002
   0.000000000000000E+000
   0.000000000000000E+000
   0.000000000000000E+000
   0.000000000000000E+000
   0.000000000000000E+000
   0.000000000000000E+000
   0.000000000000000E+000
   0.000000000000000E+000
   0.000000000000000E+000
   0.000000000000000E+000
   0.000000000000000E+000
   0.000000000000000E+000
   0.000000000000000E+000
   8.998539819256803E-001
   3.678160408883743E-001
   0.000000000000000E+000
   0.000000000000000E+000
   0.000000000000000E+000
   0.000000000000000E+000
   5.545156100486670E-002
   3.450358702875945E-002
   0.000000000000000E+000
   6.376632758713885E-002
   0.000000000000000E+000
   0.000000000000000E+000
   1.004845705073054E-001
   0.000000000000000E+000
   0.000000000000000E+000
   0.000000000000000E+000
   7.423174399888881E-002
   0.000000000000000E+000
   0.000000000000000E+000
   0.000000000000000E+000
   0.000000000000000E+000
   1.408362660098953E-001
   0.000000000000000E+000
   0.000000000000000E+000
   0.000000000000000E+000
   0.000000000000000E+000
   0.000000000000000E+000
   1.724879422552718E-001
   0.000000000000000E+000
   0.000000000000000E+000
   0.000000000000000E+000
   0.000000000000000E+000
   0.000000000000000E+000
   0.000000000000000E+000
   9.929404810405369E-002
   0.000000000000000E+000
   0.000000000000000E+000
   0.000000000000000E+000
   0.000000000000000E+000
   0.000000000000000E+000
   0.000000000000000E+000
   0.000000000000000E+000
   3.305988718034431E-001
   0.000000000000000E+000
   0.000000000000000E+000
   0.000000000000000E+000
   0.000000000000000E+000
   0.000000000000000E+000
   0.000000000000000E+000
   0.000000000000000E+000
   0.000000000000000E+000
   2.903751020969125E-001
   0.000000000000000E+000
   0.000000000000000E+000
   0.000000000000000E+000
   0.000000000000000E+000
   0.000000000000000E+000
   0.000000000000000E+000
   0.000000000000000E+000
   0.000000000000000E+000
   0.000000000000000E+000
   1.559339782438356E-002
   0.000000000000000E+000
   0.000000000000000E+000
   0.000000000000000E+000
   0.000000000000000E+000
   0.000000000000000E+000
   0.000000000000000E+000
   0.000000000000000E+000
   0.000000000000000E+000
   0.000000000000000E+000
   0.000000000000000E+000
   5.136055836540934E-002
   0.000000000000000E+000
   0.000000000000000E+000
   0.000000000000000E+000
   0.000000000000000E+000
   0.000000000000000E+000
   0.000000000000000E+000
   0.000000000000000E+000
   0.000000000000000E+000
   0.000000000000000E+000
   0.000000000000000E+000
   0.000000000000000E+000
   1.791087516799346E-001
   0.000000000000000E+000
   0.000000000000000E+000
   0.000000000000000E+000
   1.649776829125968E-001
   1.942103241012461E-001
   5.746117745419549E-002
   0.000000000000000E+000
   0.000000000000000E+000
   0.000000000000000E+000
   0.000000000000000E+000
   0.000000000000000E+000
   0.000000000000000E+000
   9.912112035851568E-001
   0.000000000000000E+000
   0.000000000000000E+000
   0.000000000000000E+000
   0.000000000000000E+000
   0.000000000000000E+000
   0.000000000000000E+000
   1.668736442181927E-001
   1.568241197576669E-001
  -1.729433289684300E-001
   0.000000000000000E+000
   0.000000000000000E+000
   0.000000000000000E+000
   1.605819421038070E-001
        2.052043365248712
   0.000000000000000E+000
   0.000000000000000E+000
   0.000000000000000E+000
   0.000000000000000E+000
   0.000000000000000E+000
   0.000000000000000E+000
   0.000000000000000E+000
   0.000000000000000E+000
   0.000000000000000E+000
   5.334625315889219E-002
   1.402574684681773E-001
   2.447580630826321E-001
   7.589037536445417E-002
   1.033348978935350E-001
        1.342257573013766
   8.311320924638169E-003
   1.204505126938930E-002
   1.038439187161070E-002
   8.565128236515585E-003
   1.078353955616890E-002
   3.290023054207411E-003
   3.699245716757691E-003
   4.223348233925864E-003
  -4.201971738913817E-003
   2.071943962233018E-003
   6.323492323103495E-003
   1.147804800556648E-002
   7.364069668988496E-002
   6.909895054619886E-002
   7.625836070150027E-002
   2.511884284818441E-002
  -4.379924994451851E-003
  -7.506404046875364E-003
  -1.003251271909778E-002
  -6.633946886891805E-003
  -1.069060364932989E-002
  -1.264797080952858E-002
  -3.704856988008892E-003
  -9.766733135174356E-003
  -8.421747984927541E-003
  -1.098366517514461E-003
  -3.308685281268606E-003
  -8.708687811654511E-003
  -3.674460378200399E-002
  -1.411977976151031E-002
  -2.466244869238331E-002
   0.000000000000000E+000
   5.377166852828072E-002
   1.954916481084657E-003
   2.472910631497669E-003
   1.262871182363829E-003
   2.153212420000073E-003
   1.952427768637011E-003
   8.990374633462507E-005
   8.836963777489271E-004
   5.671325519747937E-004
  -8.550422716208596E-004
   5.665259303768199E-004
   1.335785532864830E-003
   1.599538574071688E-003
   1.346737459231702E-002
   1.262502582456592E-002
   1.285668791961710E-002
   0.000000000000000E+000
  -1.024318966593626E-002
   5.414588449992193E-003
  -9.403216144544079E-003
  -1.745574925540733E-002
  -2.233172599076641E-002
  -1.287903231458627E-002
  -2.273523589055297E-002
  -2.711874232519850E-002
  -9.921345621116545E-003
  -2.740708896571277E-002
  -2.290062183372431E-002
  -2.234468747522153E-003
  -5.364905927568503E-003
  -1.932754720228027E-002
  -6.397114787663252E-002
  -3.223960328077326E-003
  -4.702780442412330E-002
   0.000000000000000E+000
   0.000000000000000E+000
   0.000000000000000E+000
   1.198250362707507E-001
   3.816934555262697E-003
   5.627975514869067E-003
   3.952703264769312E-003
   4.124258747669660E-003
   4.763887822851472E-003
   1.970448360691926E-003
   2.426630355108458E-003
   2.209796005000327E-003
  -1.474258924187900E-003
   1.069899760797328E-003
   2.072947258480568E-003
   3.960401605867232E-003
   2.514586551740204E-002
   3.001478513364134E-002
   2.235462103710754E-002
   0.000000000000000E+000
   0.000000000000000E+000
   0.000000000000000E+000
  -2.469319775758904E-002
   9.431896100116832E-003
      241.832946597448370
      190.400747351420421
      161.288945662968075
      102.767526563394910
       86.009261552306185
       54.258856794767368
      -31.054318664777998
      -24.150047143529072
      -10.139250967562493
       24.944772283764504
      -19.441517975630710
      -13.620651430302598
       -4.590951263771017
       14.711772224311586
       13.799012345143201
       -1.151108205908983
   4.991715919115887E-001
        4.586347463915060
        7.824829647384572
        7.503359763103030
        8.600309247593174
        4.709595767978022
        5.054535713093840
        3.388571004744875
   5.547677313533587E-001
   9.971056076602995E-001
        1.298619907554122
       11.394938744845199
        4.149814855217219
        3.456763803668723
        3.330470312045746
   6.367453096103239E-001
   9.489289270779646E-001
        1.587065565850419
        2.602895659253240
        3.719646969968283
        1.780305890983385
        1.974114588862410
        2.962253370609613
        2.340708240804152
        2.139996395849579
        2.588988097203965
   8.569643520860144E-001
        1.564841451572421
        3.948819431069371
      -35.052628661807823
      -28.516736424795550
      -12.048515121634823
        6.135330975375169
        3.426302597738748
        2.550707533707905
        2.706842948782777
        1.433530877484876
        1.093772903726017
       86.932300713123723
      -21.590793485373162
      -15.913610836867100
       -5.482974413746767
        4.129830402170350
        3.480511886376716
        3.207529431330136
        2.026544930066937
        1.545159608402755
        1.030503682553028
       37.036942228646772
       38.466349941925564
       -5.720420687715038
       -3.563352608336388
        2.920217365504014
        3.391763809657020
        3.104943782678832
        3.991627573457505
        1.423673540129854
        1.568035463236237
        1.664629860555276
       16.578783534916365
       16.050921367374468
       14.189844709510298
       66.347121903336685
       53.886822908458555
       27.943765429409467
      -14.626412712709666
       -9.662971408654425
       -3.081099556337792
        1.205435912077846
   6.313778583057098E-001
  -3.762392805604323E-001
      -10.367690095841084
       -6.547431567417366
       -2.602280965576618
       22.148254386842744
       23.184599784030350
       19.150396588329265
       10.107171225838760
       -3.864996794371623
       -2.471573934076326
  -7.643814678392018E-001
  -8.974994322174534E-001
  -3.672610032784173E-001
   2.081719442226877E-001
       -4.186468548779703
       -2.841492913525389
       -1.104033804107355
        7.082096350188500
        3.474744537043264
       47.141652700152399
       38.586876549769286
       19.711756123472163
       -7.541220949714775
       -4.749708083474033
       -1.387473057093338
   2.572398989003267E-001
   2.120331982023243E-001
   3.300166689481481E-002
      -16.496522874185562
      -12.423327687355092
       -6.369769410963546
       14.087094126659917
        5.299860241795556
       13.172369298709310
     -559.653488039559420
     -460.601452223776164
     -249.793053494646728
       87.187173203157585
       53.482051967553240
        9.593288204560601
       -6.781437130746546
       -6.766625983109647
   2.369190646521058E-002
      104.274767279181759
       58.675504865042903
       13.820473230669910
     -167.437466915830839
      -59.687443837411976
     -120.583001197562282
     1528.857269490008548
       53.027781159874152
       45.984725556130158
       31.016356518849612
  -4.215026272348279E-001
        2.294986285454765
        7.388353247161023
        4.199688613838863
        4.065483562707007
        3.714976131524714
  -4.906267078318334E-001
        2.461698183310133
        6.301359069333547
       13.149773415174685
        4.325693745333579
        8.843840780166133
     -124.676344063085480
       96.719155492422274
     -416.610703228451598
     -339.169825412706359
     -169.251971208232931
       70.012085840388323
       46.301881974309843
       19.019865816430979
        2.317589868545553
        1.657085236437116
        3.774438396228319
       94.822945554547175
       59.056577666304072
       26.123206229853288
     -126.903848525610712
      -46.768139422503936
      -93.332395944155394
     1032.391956866673581
       10.293393066064802
     1513.309834357098225
      -20.250129763425576
      -13.513058174178184
   6.924797563166578E-001
       12.402273802654186
       11.001102802112257
       10.705924363575928
        4.502284344098456
        4.853273663743240
        4.944787104414678
        8.127784682501051
        7.914146427670616
        9.013344238088681
       -9.767690829622723
       -4.299643372261219
       -6.928483246655389
       60.006589200320263
        8.013161170729319
       66.451599304471983
       69.788844447312655
     -655.056501696432406
     -532.609769970205434
     -267.955520046674110
      111.789998706713391
       74.001748058822216
       29.882071983344389
       -1.579553145011467
        4.642990555480740
        7.952090793615376
      111.751813111583203
       74.446858542779381
       34.578999422599139
     -200.138449753425789
      -75.810960104956337
     -142.548761527459874
     1628.384833011685259
     -120.397338935446214
     1258.825479572344193
      211.268461877177288
     2577.014666687948193
