   9.297448415824739E-003
           3
          18
          20
   8.294868670389951E-001
   0.000000000000000E+000
   0.000000000000000E+000
   0.000000000000000E+000
   0.000000000000000E+000
   0.000000000000000E+000
   0.000000000000000E+000
   0.000000000000000E+000
   0.000000000000000E+000
   0.000000000000000E+000
   0.000000000000000E+000
   0.000000000000000E+000
   0.000000000000000E+000
   0.000000000000000E+000
   0.000000000000000E+000
   5.883638353047027E-001
   0.000000000000000E+000
   0.000000000000000E+000
   0.000000000000000E+000
   0.000000000000000E+000
   0.000000000000000E+000
   8.294868670389951E-001
   0.000000000000000E+000
   0.000000000000000E+000
   0.000000000000000E+000
   0.000000000000000E+000
   0.000000000000000E+000
   0.000000000000000E+000
   0.000000000000000E+000
   0.000000000000000E+000
   0.000000000000000E+000
   0.000000000000000E+000
   0.000000000000000E+000
   0.000000000000000E+000
   0.000000000000000E+000
   8.990151135597954E-002
   0.000000000000000E+000
   0.000000000000000E+000
   0.000000000000000E+000
   0.000000000000000E+000
   0.000000000000000E+000
   0.000000000000000E+000
   8.294868670389951E-001
   0.000000000000000E+000
   0.000000000000000E+000
   0.000000000000000E+000
   0.000000000000000E+000
   0.000000000000000E+000
   0.000000000000000E+000
   0.000000000000000E+000
   0.000000000000000E+000
   0.000000000000000E+000
   0.000000000000000E+000
   0.000000000000000E+000
   0.000000000000000E+000
  -4.651588408473716E-001
   0.000000000000000E+000
   0.000000000000000E+000
   0.000000000000000E+000
   0.000000000000000E+000
   0.000000000000000E+000
   0.000000000000000E+000
   0.000000000000000E+000
   7.761712694429743E-001
   0.000000000000000E+000
   0.000000000000000E+000
   0.000000000000000E+000
   0.000000000000000E+000
   0.000000000000000E+000
   0.000000000000000E+000
   0.000000000000000E+000
   0.000000000000000E+000
   4.549492992462542E-001
   0.000000000000000E+000
   0.000000000000000E+000
   6.053041140678485E-001
   0.000000000000000E+000
   0.000000000000000E+000
   0.000000000000000E+000
   0.000000000000000E+000
   0.000000000000000E+000
   0.000000000000000E+000
   0.000000000000000E+000
   0.000000000000000E+000
   7.761712694429743E-001
   0.000000000000000E+000
   0.000000000000000E+000
   0.000000000000000E+000
   0.000000000000000E+000
   0.000000000000000E+000
   0.000000000000000E+000
   0.000000000000000E+000
  -1.009027951851857E-001
   0.000000000000000E+000
   0.000000000000000E+000
  -1.342498540996297E-001
   0.000000000000000E+000
   0.000000000000000E+000
   0.000000000000000E+000
   0.000000000000000E+000
   0.000000000000000E+000
   0.000000000000000E+000
   0.000000000000000E+000
   0.000000000000000E+000
   0.000000000000000E+000
   7.761712694429743E-001
   0.000000000000000E+000
   0.000000000000000E+000
   0.000000000000000E+000
   0.000000000000000E+000
   0.000000000000000E+000
   0.000000000000000E+000
  -5.189358334015668E-001
   0.000000000000000E+000
   0.000000000000000E+000
  -6.904373639339818E-001
   0.000000000000000E+000
   0.000000000000000E+000
   0.000000000000000E+000
   0.000000000000000E+000
   0.000000000000000E+000
   0.000000000000000E+000
   0.000000000000000E+000
   0.000000000000000E+000
   0.000000000000000E+000
   0.000000000000000E+000
   9.674399540351276E-001
   0.000000000000000E+000
   0.000000000000000E+000
   0.000000000000000E+000
   0.000000000000000E+000
   0.000000000000000E+000
   0.000000000000000E+000
  -2.925073670572330E-001
   0.000000000000000E+000
   1.253354398283641E-001
   0.000000000000000E+000
   0.000000000000000E+000
   0.000000000000000E+000
   0.000000000000000E+000
   0.000000000000000E+000
   0.000000000000000E+000
   0.000000000000000E+000
   0.000000000000000E+000
   0.000000000000000E+000
   0.000000000000000E+000
   0.000000000000000E+000
   9.674399540351276E-001
   0.000000000000000E+000
   0.000000000000000E+000
   0.000000000000000E+000
   0.000000000000000E+000
   0.000000000000000E+000
  -7.359281257684411E-002
   0.000000000000000E+000
   3.153352213081308E-002
   0.000000000000000E+000
   0.000000000000000E+000
   0.000000000000000E+000
   0.000000000000000E+000
   0.000000000000000E+000
   0.000000000000000E+000
   0.000000000000000E+000
   0.000000000000000E+000
   0.000000000000000E+000
   0.000000000000000E+000
   0.000000000000000E+000
   0.000000000000000E+000
   9.674399540351276E-001
   0.000000000000000E+000
   0.000000000000000E+000
   0.000000000000000E+000
   0.000000000000000E+000
   2.190377620976000E-001
   0.000000000000000E+000
  -9.385471049059660E-002
   0.000000000000000E+000
   0.000000000000000E+000
   0.000000000000000E+000
   0.000000000000000E+000
   0.000000000000000E+000
   0.000000000000000E+000
   0.000000000000000E+000
   0.000000000000000E+000
   0.000000000000000E+000
   0.000000000000000E+000
   0.000000000000000E+000
   0.000000000000000E+000
   0.000000000000000E+000
   7.663622893330357E-001
   0.000000000000000E+000
   0.000000000000000E+000
   0.000000000000000E+000
   0.000000000000000E+000
   2.245980794644621E-001
   3.083550940224577E-001
   0.000000000000000E+000
   0.000000000000000E+000
   0.000000000000000E+000
   0.000000000000000E+000
   0.000000000000000E+000
   0.000000000000000E+000
   0.000000000000000E+000
   0.000000000000000E+000
   0.000000000000000E+000
   0.000000000000000E+000
   0.000000000000000E+000
   0.000000000000000E+000
   0.000000000000000E+000
   0.000000000000000E+000
   7.663622893330357E-001
   0.000000000000000E+000
   0.000000000000000E+000
   0.000000000000000E+000
  -4.126458220647171E-001
  -5.665295160320969E-001
   0.000000000000000E+000
   0.000000000000000E+000
   0.000000000000000E+000
   0.000000000000000E+000
   0.000000000000000E+000
   0.000000000000000E+000
   0.000000000000000E+000
   0.000000000000000E+000
   0.000000000000000E+000
   0.000000000000000E+000
   0.000000000000000E+000
   0.000000000000000E+000
   0.000000000000000E+000
   0.000000000000000E+000
   0.000000000000000E+000
   7.663622893330357E-001
   0.000000000000000E+000
   0.000000000000000E+000
  -7.869383052413870E-001
       -1.080402983325495
   0.000000000000000E+000
   0.000000000000000E+000
   0.000000000000000E+000
   0.000000000000000E+000
   0.000000000000000E+000
   0.000000000000000E+000
   0.000000000000000E+000
   0.000000000000000E+000
   0.000000000000000E+000
   0.000000000000000E+000
   0.000000000000000E+000
   0.000000000000000E+000
   0.000000000000000E+000
   0.000000000000000E+000
   0.000000000000000E+000
   0.000000000000000E+000
   1.758532118505121E-001
   0.000000000000000E+000
   0.000000000000000E+000
   5.011878676342836E-001
   0.000000000000000E+000
   0.000000000000000E+000
   0.000000000000000E+000
   0.000000000000000E+000
   0.000000000000000E+000
   0.000000000000000E+000
   0.000000000000000E+000
   0.000000000000000E+000
   0.000000000000000E+000
   0.000000000000000E+000
   0.000000000000000E+000
   0.000000000000000E+000
   0.000000000000000E+000
   0.000000000000000E+000
   0.000000000000000E+000
   0.000000000000000E+000
   0.000000000000000E+000
   3.405255269304518E-001
   0.000000000000000E+000
  -2.531754978984939E-001
   0.000000000000000E+000
   0.000000000000000E+000
   0.000000000000000E+000
   0.000000000000000E+000
   0.000000000000000E+000
   0.000000000000000E+000
   0.000000000000000E+000
   0.000000000000000E+000
   0.000000000000000E+000
   0.000000000000000E+000
   0.000000000000000E+000
   0.000000000000000E+000
   0.000000000000000E+000
   0.000000000000000E+000
   0.000000000000000E+000
   0.000000000000000E+000
  -7.968929554156626E-002
   3.844204163042390E-001
   0.000000000000000E+000
  -2.707445041783254E-001
   0.000000000000000E+000
   0.000000000000000E+000
   0.000000000000000E+000
   0.000000000000000E+000
   0.000000000000000E+000
   0.000000000000000E+000
   0.000000000000000E+000
   0.000000000000000E+000
   0.000000000000000E+000
   0.000000000000000E+000
   0.000000000000000E+000
   0.000000000000000E+000
   0.000000000000000E+000
   0.000000000000000E+000
   0.000000000000000E+000
   0.000000000000000E+000
   0.000000000000000E+000
   0.000000000000000E+000
   1.692700000264438E-001
   5.046490893309793E-001
   0.000000000000000E+000
   0.000000000000000E+000
   0.000000000000000E+000
   0.000000000000000E+000
   0.000000000000000E+000
   0.000000000000000E+000
   0.000000000000000E+000
   0.000000000000000E+000
   0.000000000000000E+000
   0.000000000000000E+000
   0.000000000000000E+000
   0.000000000000000E+000
   0.000000000000000E+000
   0.000000000000000E+000
   0.000000000000000E+000
   0.000000000000000E+000
   2.022637723487382E-001
   0.000000000000000E+000
   1.910894741564383E-001
   5.314597880774881E-001
   0.000000000000000E+000
   0.000000000000000E+000
   0.000000000000000E+000
   0.000000000000000E+000
   0.000000000000000E+000
   0.000000000000000E+000
   0.000000000000000E+000
   0.000000000000000E+000
   0.000000000000000E+000
   0.000000000000000E+000
   0.000000000000000E+000
   0.000000000000000E+000
   0.000000000000000E+000
   0.000000000000000E+000
   0.000000000000000E+000
   0.000000000000000E+000
   0.000000000000000E+000
   3.916674420285516E-001
  -7.670606022194718E-002
  -2.731354367797909E-001
   0.000000000000000E+000
   0.000000000000000E+000
   0.000000000000000E+000
   0.000000000000000E+000
   8.503936135549316E-001
   0.000000000000000E+000
   0.000000000000000E+000
   0.000000000000000E+000
   0.000000000000000E+000
   0.000000000000000E+000
   0.000000000000000E+000
   0.000000000000000E+000
   0.000000000000000E+000
   0.000000000000000E+000
   0.000000000000000E+000
   0.000000000000000E+000
   0.000000000000000E+000
   0.000000000000000E+000
   0.000000000000000E+000
   0.000000000000000E+000
  -8.503936135549316E-001
   6.012240294470661E-001
   0.000000000000000E+000
   0.000000000000000E+000
   0.000000000000000E+000
   8.503936135549316E-001
   0.000000000000000E+000
   0.000000000000000E+000
   0.000000000000000E+000
   0.000000000000000E+000
   0.000000000000000E+000
   0.000000000000000E+000
   0.000000000000000E+000
   0.000000000000000E+000
   0.000000000000000E+000
   0.000000000000000E+000
   0.000000000000000E+000
   0.000000000000000E+000
   0.000000000000000E+000
   0.000000000000000E+000
  -8.503936135549316E-001
   6.411337830863917E-002
   0.000000000000000E+000
   0.000000000000000E+000
   0.000000000000000E+000
   0.000000000000000E+000
   8.503936135549316E-001
   0.000000000000000E+000
   0.000000000000000E+000
   0.000000000000000E+000
   0.000000000000000E+000
   0.000000000000000E+000
   0.000000000000000E+000
   0.000000000000000E+000
   0.000000000000000E+000
   0.000000000000000E+000
   0.000000000000000E+000
   0.000000000000000E+000
   0.000000000000000E+000
   0.000000000000000E+000
  -8.503936135549316E-001
  -5.339836349848571E-001
   0.000000000000000E+000
   0.000000000000000E+000
   0.000000000000000E+000
   0.000000000000000E+000
   0.000000000000000E+000
   8.013666621366873E-001
   0.000000000000000E+000
   0.000000000000000E+000
   0.000000000000000E+000
   0.000000000000000E+000
   0.000000000000000E+000
   0.000000000000000E+000
   0.000000000000000E+000
   0.000000000000000E+000
   4.775829272467484E-001
   0.000000000000000E+000
   0.000000000000000E+000
   0.000000000000000E+000
  -9.668074620869372E-001
   6.180470647962447E-001
   0.000000000000000E+000
   0.000000000000000E+000
   0.000000000000000E+000
   0.000000000000000E+000
   0.000000000000000E+000
   0.000000000000000E+000
   8.013666621366873E-001
   0.000000000000000E+000
   0.000000000000000E+000
   0.000000000000000E+000
   0.000000000000000E+000
   0.000000000000000E+000
   0.000000000000000E+000
   0.000000000000000E+000
  -3.893636096730808E-002
   0.000000000000000E+000
   0.000000000000000E+000
   0.000000000000000E+000
  -9.668074620869372E-001
  -1.958903202914787E-001
   0.000000000000000E+000
   0.000000000000000E+000
   0.000000000000000E+000
   0.000000000000000E+000
   0.000000000000000E+000
   0.000000000000000E+000
   0.000000000000000E+000
   8.013666621366873E-001
   0.000000000000000E+000
   0.000000000000000E+000
   0.000000000000000E+000
   0.000000000000000E+000
   0.000000000000000E+000
   0.000000000000000E+000
  -4.273888459225790E-001
   0.000000000000000E+000
   0.000000000000000E+000
   0.000000000000000E+000
  -9.668074620869372E-001
  -8.080184770705753E-001
   0.000000000000000E+000
   0.000000000000000E+000
   0.000000000000000E+000
   0.000000000000000E+000
   0.000000000000000E+000
   0.000000000000000E+000
   0.000000000000000E+000
   0.000000000000000E+000
   9.723004612496948E-001
   0.000000000000000E+000
   0.000000000000000E+000
   0.000000000000000E+000
   0.000000000000000E+000
   0.000000000000000E+000
   0.000000000000000E+000
  -1.527845274789507E-001
   0.000000000000000E+000
   0.000000000000000E+000
   3.777771359378383E-001
   1.301059621100820E-001
   0.000000000000000E+000
   0.000000000000000E+000
   0.000000000000000E+000
   0.000000000000000E+000
   0.000000000000000E+000
   0.000000000000000E+000
   0.000000000000000E+000
   0.000000000000000E+000
   0.000000000000000E+000
   9.723004612496948E-001
   0.000000000000000E+000
   0.000000000000000E+000
   0.000000000000000E+000
   0.000000000000000E+000
   0.000000000000000E+000
   3.484890640798857E-002
   0.000000000000000E+000
   0.000000000000000E+000
   3.777771359378383E-001
   3.488312105563719E-002
   0.000000000000000E+000
   0.000000000000000E+000
   0.000000000000000E+000
   0.000000000000000E+000
   0.000000000000000E+000
   0.000000000000000E+000
   0.000000000000000E+000
   0.000000000000000E+000
   0.000000000000000E+000
   0.000000000000000E+000
   9.723004612496948E-001
   0.000000000000000E+000
   0.000000000000000E+000
   0.000000000000000E+000
   0.000000000000000E+000
   2.856649369674970E-001
   0.000000000000000E+000
   0.000000000000000E+000
   3.777771359378383E-001
  -9.240450843083310E-002
   0.000000000000000E+000
   0.000000000000000E+000
   0.000000000000000E+000
   0.000000000000000E+000
   0.000000000000000E+000
   0.000000000000000E+000
   0.000000000000000E+000
   0.000000000000000E+000
   0.000000000000000E+000
   0.000000000000000E+000
   0.000000000000000E+000
   7.922345400434611E-001
   0.000000000000000E+000
   0.000000000000000E+000
   0.000000000000000E+000
   0.000000000000000E+000
   2.624671365050226E-001
   0.000000000000000E+000
  -9.862725801253767E-001
   2.895470678923786E-001
   0.000000000000000E+000
   0.000000000000000E+000
   0.000000000000000E+000
   0.000000000000000E+000
   0.000000000000000E+000
   0.000000000000000E+000
   0.000000000000000E+000
   0.000000000000000E+000
   0.000000000000000E+000
   0.000000000000000E+000
   0.000000000000000E+000
   0.000000000000000E+000
   7.922345400434611E-001
   0.000000000000000E+000
   0.000000000000000E+000
   0.000000000000000E+000
  -3.319219147368592E-001
   0.000000000000000E+000
  -9.862725801253767E-001
  -6.769704224895092E-001
   0.000000000000000E+000
   0.000000000000000E+000
   0.000000000000000E+000
   0.000000000000000E+000
   0.000000000000000E+000
   0.000000000000000E+000
   0.000000000000000E+000
   0.000000000000000E+000
   0.000000000000000E+000
   0.000000000000000E+000
   0.000000000000000E+000
   0.000000000000000E+000
   0.000000000000000E+000
   7.922345400434611E-001
   0.000000000000000E+000
   0.000000000000000E+000
  -6.810431121755164E-001
   0.000000000000000E+000
  -9.862725801253767E-001
       -1.244665508532094
   0.000000000000000E+000
   0.000000000000000E+000
   0.000000000000000E+000
   0.000000000000000E+000
   0.000000000000000E+000
   0.000000000000000E+000
   0.000000000000000E+000
   0.000000000000000E+000
   0.000000000000000E+000
   0.000000000000000E+000
   0.000000000000000E+000
   0.000000000000000E+000
   0.000000000000000E+000
   0.000000000000000E+000
   1.675282600415776E-001
   0.000000000000000E+000
   0.000000000000000E+000
   0.000000000000000E+000
   0.000000000000000E+000
   5.612759993088549E-001
   0.000000000000000E+000
   0.000000000000000E+000
   0.000000000000000E+000
   0.000000000000000E+000
   0.000000000000000E+000
   0.000000000000000E+000
   0.000000000000000E+000
   0.000000000000000E+000
   0.000000000000000E+000
   0.000000000000000E+000
   0.000000000000000E+000
   0.000000000000000E+000
   0.000000000000000E+000
   0.000000000000000E+000
   0.000000000000000E+000
   2.992235281570759E-001
   0.000000000000000E+000
   0.000000000000000E+000
   0.000000000000000E+000
  -2.680165619714013E-001
   0.000000000000000E+000
   0.000000000000000E+000
   0.000000000000000E+000
   0.000000000000000E+000
   0.000000000000000E+000
   0.000000000000000E+000
   0.000000000000000E+000
   0.000000000000000E+000
   0.000000000000000E+000
   0.000000000000000E+000
   0.000000000000000E+000
   0.000000000000000E+000
   0.000000000000000E+000
   0.000000000000000E+000
  -7.442241481869791E-002
   3.401854567614939E-001
   0.000000000000000E+000
   0.000000000000000E+000
   0.000000000000000E+000
  -2.899178243325522E-001
   0.000000000000000E+000
   0.000000000000000E+000
   0.000000000000000E+000
   0.000000000000000E+000
   0.000000000000000E+000
   0.000000000000000E+000
   0.000000000000000E+000
   0.000000000000000E+000
   0.000000000000000E+000
   0.000000000000000E+000
   0.000000000000000E+000
   0.000000000000000E+000
   0.000000000000000E+000
   0.000000000000000E+000
   0.000000000000000E+000
   0.000000000000000E+000
   1.618659807390588E-001
   0.000000000000000E+000
   0.000000000000000E+000
   5.664734626713006E-001
   0.000000000000000E+000
   0.000000000000000E+000
   0.000000000000000E+000
   0.000000000000000E+000
   0.000000000000000E+000
   0.000000000000000E+000
   0.000000000000000E+000
   0.000000000000000E+000
   0.000000000000000E+000
   0.000000000000000E+000
   0.000000000000000E+000
   0.000000000000000E+000
   0.000000000000000E+000
   0.000000000000000E+000
   1.942965312079555E-001
   0.000000000000000E+000
   1.840244747163000E-001
   0.000000000000000E+000
   0.000000000000000E+000
   6.054112967194782E-001
   0.000000000000000E+000
   0.000000000000000E+000
   0.000000000000000E+000
   0.000000000000000E+000
   0.000000000000000E+000
   0.000000000000000E+000
   0.000000000000000E+000
   0.000000000000000E+000
   0.000000000000000E+000
   0.000000000000000E+000
   0.000000000000000E+000
   0.000000000000000E+000
   0.000000000000000E+000
   0.000000000000000E+000
   0.000000000000000E+000
   3.470345454689076E-001
  -7.190701533346001E-002
   0.000000000000000E+000
   0.000000000000000E+000
  -2.930437020853105E-001
   0.000000000000000E+000
   0.000000000000000E+000
   8.374682168589774E-001
   0.000000000000000E+000
   0.000000000000000E+000
   0.000000000000000E+000
   0.000000000000000E+000
   0.000000000000000E+000
   0.000000000000000E+000
   0.000000000000000E+000
   0.000000000000000E+000
   0.000000000000000E+000
   0.000000000000000E+000
   0.000000000000000E+000
   0.000000000000000E+000
   0.000000000000000E+000
   0.000000000000000E+000
   0.000000000000000E+000
   0.000000000000000E+000
   0.000000000000000E+000
  -8.374682168589774E-001
   5.608722848942246E-001
   0.000000000000000E+000
   8.374682168589774E-001
   0.000000000000000E+000
   0.000000000000000E+000
   0.000000000000000E+000
   0.000000000000000E+000
   0.000000000000000E+000
   0.000000000000000E+000
   0.000000000000000E+000
   0.000000000000000E+000
   0.000000000000000E+000
   0.000000000000000E+000
   0.000000000000000E+000
   0.000000000000000E+000
   0.000000000000000E+000
   0.000000000000000E+000
   0.000000000000000E+000
   0.000000000000000E+000
  -8.374682168589774E-001
   4.788240626040351E-002
   0.000000000000000E+000
   0.000000000000000E+000
   8.374682168589774E-001
   0.000000000000000E+000
   0.000000000000000E+000
   0.000000000000000E+000
   0.000000000000000E+000
   0.000000000000000E+000
   0.000000000000000E+000
   0.000000000000000E+000
   0.000000000000000E+000
   0.000000000000000E+000
   0.000000000000000E+000
   0.000000000000000E+000
   0.000000000000000E+000
   0.000000000000000E+000
   0.000000000000000E+000
   0.000000000000000E+000
  -8.374682168589774E-001
  -5.233550354294410E-001
   0.000000000000000E+000
   0.000000000000000E+000
   0.000000000000000E+000
   7.857270859114861E-001
   0.000000000000000E+000
   0.000000000000000E+000
   0.000000000000000E+000
   0.000000000000000E+000
   0.000000000000000E+000
   0.000000000000000E+000
   0.000000000000000E+000
   0.000000000000000E+000
   5.169925114933515E-001
   0.000000000000000E+000
   0.000000000000000E+000
   0.000000000000000E+000
   0.000000000000000E+000
   0.000000000000000E+000
  -9.479391216470116E-001
   5.631999385927347E-001
   0.000000000000000E+000
   0.000000000000000E+000
   0.000000000000000E+000
   0.000000000000000E+000
   7.857270859114861E-001
   0.000000000000000E+000
   0.000000000000000E+000
   0.000000000000000E+000
   0.000000000000000E+000
   0.000000000000000E+000
   0.000000000000000E+000
   0.000000000000000E+000
  -2.457811054349270E-002
   0.000000000000000E+000
   0.000000000000000E+000
   0.000000000000000E+000
   0.000000000000000E+000
   0.000000000000000E+000
  -9.479391216470116E-001
  -2.040067077935717E-001
   0.000000000000000E+000
   0.000000000000000E+000
   0.000000000000000E+000
   0.000000000000000E+000
   0.000000000000000E+000
   7.857270859114861E-001
   0.000000000000000E+000
   0.000000000000000E+000
   0.000000000000000E+000
   0.000000000000000E+000
   0.000000000000000E+000
   0.000000000000000E+000
  -4.318706525826976E-001
   0.000000000000000E+000
   0.000000000000000E+000
   0.000000000000000E+000
   0.000000000000000E+000
   0.000000000000000E+000
  -9.479391216470116E-001
  -7.809906366869557E-001
   0.000000000000000E+000
   0.000000000000000E+000
   0.000000000000000E+000
   0.000000000000000E+000
   0.000000000000000E+000
   0.000000000000000E+000
   9.693298072831487E-001
   0.000000000000000E+000
   0.000000000000000E+000
   0.000000000000000E+000
   0.000000000000000E+000
   0.000000000000000E+000
   0.000000000000000E+000
  -1.378946039090541E-001
   0.000000000000000E+000
   0.000000000000000E+000
   0.000000000000000E+000
   0.000000000000000E+000
   3.766229195283328E-001
   1.301314460910530E-001
   0.000000000000000E+000
   0.000000000000000E+000
   0.000000000000000E+000
   0.000000000000000E+000
   0.000000000000000E+000
   0.000000000000000E+000
   0.000000000000000E+000
   9.693298072831487E-001
   0.000000000000000E+000
   0.000000000000000E+000
   0.000000000000000E+000
   0.000000000000000E+000
   0.000000000000000E+000
   6.891497398556691E-002
   0.000000000000000E+000
   0.000000000000000E+000
   0.000000000000000E+000
   0.000000000000000E+000
   3.766229195283328E-001
   3.577873955116129E-002
   0.000000000000000E+000
   0.000000000000000E+000
   0.000000000000000E+000
   0.000000000000000E+000
   0.000000000000000E+000
   0.000000000000000E+000
   0.000000000000000E+000
   0.000000000000000E+000
   9.693298072831487E-001
   0.000000000000000E+000
   0.000000000000000E+000
   0.000000000000000E+000
   0.000000000000000E+000
   3.453644123115310E-001
   0.000000000000000E+000
   0.000000000000000E+000
   0.000000000000000E+000
   0.000000000000000E+000
   3.766229195283328E-001
  -9.034575135988560E-002
   0.000000000000000E+000
   0.000000000000000E+000
   0.000000000000000E+000
   0.000000000000000E+000
   0.000000000000000E+000
   0.000000000000000E+000
   0.000000000000000E+000
   0.000000000000000E+000
   0.000000000000000E+000
   7.761633492393606E-001
   0.000000000000000E+000
   0.000000000000000E+000
   0.000000000000000E+000
   0.000000000000000E+000
   2.902098238302152E-001
   0.000000000000000E+000
   0.000000000000000E+000
   0.000000000000000E+000
  -9.662651530076726E-001
   2.517730079893315E-001
   0.000000000000000E+000
   0.000000000000000E+000
   0.000000000000000E+000
   0.000000000000000E+000
   0.000000000000000E+000
   0.000000000000000E+000
   0.000000000000000E+000
   0.000000000000000E+000
   0.000000000000000E+000
   0.000000000000000E+000
   7.761633492393606E-001
   0.000000000000000E+000
   0.000000000000000E+000
   0.000000000000000E+000
  -3.315405713066431E-001
   0.000000000000000E+000
   0.000000000000000E+000
   0.000000000000000E+000
  -9.662651530076726E-001
  -6.571095991784405E-001
   0.000000000000000E+000
   0.000000000000000E+000
   0.000000000000000E+000
   0.000000000000000E+000
   0.000000000000000E+000
   0.000000000000000E+000
   0.000000000000000E+000
   0.000000000000000E+000
   0.000000000000000E+000
   0.000000000000000E+000
   0.000000000000000E+000
   7.761633492393606E-001
   0.000000000000000E+000
   0.000000000000000E+000
  -6.967327665609342E-001
   0.000000000000000E+000
   0.000000000000000E+000
   0.000000000000000E+000
  -9.662651530076726E-001
       -1.190952178348787
   0.000000000000000E+000
   0.000000000000000E+000
   0.000000000000000E+000
   0.000000000000000E+000
   0.000000000000000E+000
   0.000000000000000E+000
   0.000000000000000E+000
   0.000000000000000E+000
   0.000000000000000E+000
   0.000000000000000E+000
   0.000000000000000E+000
   0.000000000000000E+000
   1.729836177394759E-001
   0.000000000000000E+000
   0.000000000000000E+000
   0.000000000000000E+000
   0.000000000000000E+000
   0.000000000000000E+000
   0.000000000000000E+000
   5.234454155105434E-001
   0.000000000000000E+000
   0.000000000000000E+000
   0.000000000000000E+000
   0.000000000000000E+000
   0.000000000000000E+000
   0.000000000000000E+000
   0.000000000000000E+000
   0.000000000000000E+000
   0.000000000000000E+000
   0.000000000000000E+000
   0.000000000000000E+000
   0.000000000000000E+000
   0.000000000000000E+000
   3.247913877586213E-001
   0.000000000000000E+000
   0.000000000000000E+000
   0.000000000000000E+000
   0.000000000000000E+000
   0.000000000000000E+000
  -2.587863127686136E-001
   0.000000000000000E+000
   0.000000000000000E+000
   0.000000000000000E+000
   0.000000000000000E+000
   0.000000000000000E+000
   0.000000000000000E+000
   0.000000000000000E+000
   0.000000000000000E+000
   0.000000000000000E+000
   0.000000000000000E+000
   0.000000000000000E+000
   0.000000000000000E+000
  -7.779351363084044E-002
   3.676348028886047E-001
   0.000000000000000E+000
   0.000000000000000E+000
   0.000000000000000E+000
   0.000000000000000E+000
   0.000000000000000E+000
  -2.779308121739618E-001
   0.000000000000000E+000
   0.000000000000000E+000
   0.000000000000000E+000
   0.000000000000000E+000
   0.000000000000000E+000
   0.000000000000000E+000
   0.000000000000000E+000
   0.000000000000000E+000
   0.000000000000000E+000
   0.000000000000000E+000
   0.000000000000000E+000
   0.000000000000000E+000
   0.000000000000000E+000
   0.000000000000000E+000
   1.667436084910627E-001
   0.000000000000000E+000
   0.000000000000000E+000
   0.000000000000000E+000
   0.000000000000000E+000
   5.275210848395526E-001
   0.000000000000000E+000
   0.000000000000000E+000
   0.000000000000000E+000
   0.000000000000000E+000
   0.000000000000000E+000
   0.000000000000000E+000
   0.000000000000000E+000
   0.000000000000000E+000
   0.000000000000000E+000
   0.000000000000000E+000
   0.000000000000000E+000
   0.000000000000000E+000
   1.995873258208696E-001
   0.000000000000000E+000
   1.887388519245592E-001
   0.000000000000000E+000
   0.000000000000000E+000
   0.000000000000000E+000
   0.000000000000000E+000
   5.586427756621382E-001
   0.000000000000000E+000
   0.000000000000000E+000
   0.000000000000000E+000
   0.000000000000000E+000
   0.000000000000000E+000
   0.000000000000000E+000
   0.000000000000000E+000
   0.000000000000000E+000
   0.000000000000000E+000
   0.000000000000000E+000
   0.000000000000000E+000
   0.000000000000000E+000
   0.000000000000000E+000
   3.747421020528180E-001
  -7.498728116289603E-002
   0.000000000000000E+000
   0.000000000000000E+000
   0.000000000000000E+000
   0.000000000000000E+000
  -2.805858978950789E-001
   1.294622386794660E-001
   0.000000000000000E+000
   3.356285892685276E-001
   0.000000000000000E+000
   0.000000000000000E+000
   1.775119706554399E-001
   0.000000000000000E+000
   0.000000000000000E+000
   0.000000000000000E+000
   1.476171967231647E-001
   0.000000000000000E+000
   0.000000000000000E+000
   0.000000000000000E+000
   0.000000000000000E+000
   2.668683240765087E-001
   0.000000000000000E+000
   0.000000000000000E+000
   0.000000000000000E+000
   0.000000000000000E+000
   0.000000000000000E+000
   1.245469463322043E-001
   0.000000000000000E+000
   0.000000000000000E+000
   0.000000000000000E+000
   0.000000000000000E+000
   0.000000000000000E+000
   0.000000000000000E+000
   1.489021738898136E-001
   0.000000000000000E+000
   0.000000000000000E+000
   0.000000000000000E+000
   0.000000000000000E+000
   0.000000000000000E+000
   0.000000000000000E+000
   0.000000000000000E+000
   5.451955002866369E-001
   0.000000000000000E+000
   0.000000000000000E+000
   0.000000000000000E+000
   0.000000000000000E+000
   0.000000000000000E+000
   0.000000000000000E+000
   0.000000000000000E+000
   0.000000000000000E+000
   2.462392910973701E-001
   0.000000000000000E+000
   0.000000000000000E+000
   0.000000000000000E+000
   0.000000000000000E+000
   0.000000000000000E+000
   0.000000000000000E+000
   0.000000000000000E+000
   0.000000000000000E+000
   0.000000000000000E+000
   2.676316548461720E-001
   0.000000000000000E+000
   0.000000000000000E+000
   0.000000000000000E+000
   0.000000000000000E+000
   0.000000000000000E+000
   0.000000000000000E+000
   0.000000000000000E+000
   0.000000000000000E+000
   0.000000000000000E+000
   0.000000000000000E+000
   1.737475039533084E-001
   0.000000000000000E+000
   0.000000000000000E+000
   0.000000000000000E+000
   0.000000000000000E+000
   0.000000000000000E+000
   0.000000000000000E+000
   0.000000000000000E+000
   0.000000000000000E+000
   0.000000000000000E+000
   0.000000000000000E+000
   0.000000000000000E+000
   3.163663493042339E-002
   0.000000000000000E+000
   0.000000000000000E+000
   0.000000000000000E+000
   9.014858443627474E-002
  -2.380127918594580E-002
  -7.786905069449407E-002
   0.000000000000000E+000
   0.000000000000000E+000
   0.000000000000000E+000
   0.000000000000000E+000
   0.000000000000000E+000
   0.000000000000000E+000
   1.776429377987913E-001
   0.000000000000000E+000
   0.000000000000000E+000
   0.000000000000000E+000
   0.000000000000000E+000
   0.000000000000000E+000
   0.000000000000000E+000
  -3.751896029249606E-002
  -1.555204862714529E-002
   6.712343330181765E-002
   0.000000000000000E+000
   0.000000000000000E+000
   0.000000000000000E+000
  -2.334903232476360E-002
   3.319346348575527E-001
   0.000000000000000E+000
   0.000000000000000E+000
   0.000000000000000E+000
   0.000000000000000E+000
   0.000000000000000E+000
   0.000000000000000E+000
   0.000000000000000E+000
   0.000000000000000E+000
   0.000000000000000E+000
   8.549701233253096E-002
  -8.789265809846974E-002
  -3.120901975990419E-002
   3.292556931188882E-002
  -2.086943117558596E-002
   1.609055088965277E-001
   5.745764473171388E-002
   2.180742168332652E-002
  -6.384043080352191E-002
   6.448730808208035E-002
  -2.622842458061372E-002
  -7.185675724141184E-002
   1.309596003235172E-002
   1.169058640150361E-002
  -1.432296141433525E-002
   6.743532689001171E-002
  -9.148164572635219E-002
  -3.172988680383063E-002
   2.165614729037871E-001
  -1.564665736890205E-001
   2.108499887488621E-001
   8.886396153845245E-001
  -1.308455052172462E-002
  -3.291338286071040E-002
  -1.879401335745915E-002
  -2.024060186930840E-002
  -3.370298733752862E-002
  -1.444369186615613E-002
   4.003669818588075E-003
   1.686409130160655E-002
   8.916055445225694E-003
  -2.991773591219950E-002
  -1.472723734179592E-002
  -3.196157821656745E-003
  -2.721876907102771E-003
   2.594877669323582E-003
  -9.939081782611783E-004
   0.000000000000000E+000
   2.184284760489364E-001
   9.250711744281968E-003
   2.481425228423941E-003
  -1.180123581433945E-002
   1.293912703986820E-002
  -6.828752614379863E-003
  -1.207145203428175E-002
   1.378858761331208E-003
   1.557193600154926E-003
  -2.180872377341808E-003
   8.783162875981685E-003
  -1.010867004343918E-002
  -4.033517184403032E-003
   3.191835615571142E-002
  -1.902483123643217E-002
   2.789346251923052E-002
   0.000000000000000E+000
   1.422583151357686E-002
   1.532623798995271E-001
  -3.537277443583226E-002
  -1.015064656706946E-001
  -4.487555705215005E-002
  -5.808951239055256E-002
  -1.053131163205671E-001
  -3.835953054729351E-002
   1.457512274527375E-002
   5.561075006668847E-002
   2.939409578905424E-002
  -9.461587620917557E-002
  -4.751578226446906E-002
  -8.169600427255156E-003
  -1.384334356345338E-002
   1.235313011518290E-002
  -7.747104867391687E-003
   0.000000000000000E+000
   0.000000000000000E+000
   0.000000000000000E+000
   6.509749601025761E-001
   2.368998419460506E-002
   5.803651684276813E-003
  -2.804386874409433E-002
   3.451277520269251E-002
  -2.266451680009961E-002
  -3.160375334345494E-002
   5.036023304615657E-003
   5.282956611808358E-003
  -7.051168508099189E-003
   2.465340251853334E-002
  -3.231315601237188E-002
  -1.006928936099328E-002
   9.817280946584502E-002
  -5.662040998959745E-002
   7.812230087430640E-002
   0.000000000000000E+000
   0.000000000000000E+000
   0.000000000000000E+000
   4.572521890486503E-002
   4.013148755313111E-001
       11.167000052204090
        2.638828519430685
        3.857253837766108
  -4.715042217812904E-001
        1.253409644267518
        6.870328162621915
        1.011774406680495
        1.190291448435317
        1.622406122516865
       12.673981899049545
        1.906887364648357
        1.890566156250068
        1.356106382949523
        2.244760086907408
        5.079421566817902
        2.841820180705056
        2.264942884958436
        1.576144967574485
       -2.437987262567124
        3.692264885091898
       13.212501932912211
  -1.271455903124629E-001
  -4.114082244627136E-001
  -6.577175191418769E-001
  -5.684216340381035E-001
  -5.295494184651713E-001
  -9.410642438200887E-001
        6.854968128977047
  -2.767486866776772E-001
  -4.138793388451364E-001
  -4.412618936728933E-001
  -4.433994609123271E-001
  -5.751061557565337E-001
  -6.625258561334918E-001
   9.698542235284514E-001
        1.917790705097777
       -1.169261900003288
  -2.274768059220982E-001
   1.637125085338448E-001
  -7.182667891452222E-001
  -4.576981810414803E-001
  -6.717373454012708E-002
  -5.196751568267455E-002
   4.704502533078121E-001
        4.293980685805663
        1.401734108895669
        1.455107698758863
        1.447303599647332
        1.683969637666191
        2.148851636998320
        2.895661507834568
  -8.622808416890915E-001
  -6.552805317675972E-001
  -8.499220328724675E-001
        6.199660233463242
        2.190618615689802
        1.791667161784509
   8.861953565870637E-001
        3.571370886350788
        1.799377759805531
   2.996483276634784E-002
  -3.679433832211740E-001
  -5.390994868759672E-001
  -6.141151626749667E-001
  -5.405704196516462E-001
       10.586089990723746
        2.168054764229899
        1.603019590092864
   6.350022251416134E-001
        4.236173781403331
        1.611715985759308
   8.660354511949278E-001
   2.289901881151123E-002
  -1.523527945533747E-001
  -1.845991908026718E-001
       -2.844216774800959
       11.596082847126032
       44.075954343428918
        9.600074529176087
        2.211338776458505
       -4.779576139460730
      -11.619612283069920
        1.441110251394814
       10.710489487202253
   3.239050434694271E-001
   7.243709518596281E-002
  -5.052374991375802E-001
   2.210118239607896E-001
       -1.427576047433062
       -1.000643911018273
       38.419756672573222
       -2.011091511645251
  -6.244048313032032E-001
        1.118416552409121
  -1.263490678180599E-001
  -1.247932538056009E-001
  -4.493662740485372E-001
   8.636619800498631E-001
  -3.016245900532622E-002
       -1.014673518160272
   1.848004700990589E-001
   6.618619592867747E-004
  -3.320450672117056E-001
       -4.801650849239023
        7.407447677850104
        8.222330601066432
        1.885512063296496
       -5.280851228903592
   2.935025056750287E-001
   1.698347103112478E-001
       -1.318286409542238
        1.172190866002025
   1.956655292199836E-001
  -2.381821520352491E-001
       -6.601792430118635
       10.708730279227645
       18.725239068685003
       17.197471107782697
       -5.432298507661706
       41.636077663536391
       -5.254264576809905
       -1.080047969715858
        3.152941406652876
        2.531605211916207
  -2.639275216782626E-001
       -1.796745923210413
   3.675719954025847E-002
  -3.876052844910410E-002
  -2.848094948043547E-002
   7.678730668148557E-001
  -7.825079351069937E-001
       -1.546544152982786
      -14.767714683012368
        3.818005539690512
      -13.879110884288160
       10.217509258831742
        2.630467820731785
        1.828806647320898
        1.100917231024232
        1.957702459831283
        2.364376345366309
        2.605768188169132
  -5.305458460790075E-001
  -5.559223833983152E-001
  -5.745525077211012E-001
        2.074729490838356
        2.010731837853335
        2.516757446071006
        1.631864990471465
  -6.029391797533957E-001
        1.529836222952019
  -8.222520342719779E-001
       11.672617018503786
       -4.202034887655438
  -9.808430840467571E-001
        2.714407005029444
        1.092042474890035
  -6.920380234152182E-002
  -8.752834659267428E-001
   2.477012427265000E-001
   1.201625411936376E-002
   9.105642697180751E-002
   8.357315219247720E-001
       -1.389807410641656
       -2.453330676343058
      -11.084687575111296
        2.986763638778853
      -11.505107122184585
        6.163595664232759
       -1.515015835370179
       18.101219306213199
        2.419534348650433
        2.024203203276659
   9.753922342528720E-001
        1.997212277541746
        2.440027873107538
        2.538519640528030
  -6.899399567712874E-001
  -6.433587984479797E-001
  -6.651075477888087E-001
        1.984554537289599
        1.995312478099167
        2.481436920433727
        2.292534969078562
  -7.351613128897723E-001
        2.292148520977423
       -1.200928183196767
        1.912521641269672
       -1.023293938432470
        5.568546375705406
       -4.860476444961755
  -8.819180668922781E-001
        2.809624492541036
        1.636854876646576
  -3.509628867600662E-001
       -1.915537330015828
  -1.367836032785049E-001
  -1.353325317277684E-001
   1.975807218729099E-001
   6.740261480093723E-001
  -9.238664273361645E-001
       -1.709784869293838
      -13.335147350794497
        3.264343533914763
      -12.532193213878518
        7.053320516486858
  -8.477377942961526E-001
        5.584968603234476
       -1.661496656671914
       11.998824782069317
