   8.082774418934848E-003
           3
          18
          32
   8.286074184772869E-001
   0.000000000000000E+000
   0.000000000000000E+000
   0.000000000000000E+000
   0.000000000000000E+000
   0.000000000000000E+000
   0.000000000000000E+000
   0.000000000000000E+000
   0.000000000000000E+000
   0.000000000000000E+000
   0.000000000000000E+000
   0.000000000000000E+000
   0.000000000000000E+000
   0.000000000000000E+000
   0.000000000000000E+000
   5.862480960032298E-001
   0.000000000000000E+000
   0.000000000000000E+000
   0.000000000000000E+000
   0.000000000000000E+000
   0.000000000000000E+000
   0.000000000000000E+000
   0.000000000000000E+000
   0.000000000000000E+000
   0.000000000000000E+000
   0.000000000000000E+000
   0.000000000000000E+000
   0.000000000000000E+000
   0.000000000000000E+000
   0.000000000000000E+000
   0.000000000000000E+000
   0.000000000000000E+000
   0.000000000000000E+000
   8.286074184772869E-001
   0.000000000000000E+000
   0.000000000000000E+000
   0.000000000000000E+000
   0.000000000000000E+000
   0.000000000000000E+000
   0.000000000000000E+000
   0.000000000000000E+000
   0.000000000000000E+000
   0.000000000000000E+000
   0.000000000000000E+000
   0.000000000000000E+000
   0.000000000000000E+000
   0.000000000000000E+000
   8.933461012817859E-002
   0.000000000000000E+000
   0.000000000000000E+000
   0.000000000000000E+000
   0.000000000000000E+000
   0.000000000000000E+000
   0.000000000000000E+000
   0.000000000000000E+000
   0.000000000000000E+000
   0.000000000000000E+000
   0.000000000000000E+000
   0.000000000000000E+000
   0.000000000000000E+000
   0.000000000000000E+000
   0.000000000000000E+000
   0.000000000000000E+000
   0.000000000000000E+000
   0.000000000000000E+000
   0.000000000000000E+000
   8.286074184772869E-001
   0.000000000000000E+000
   0.000000000000000E+000
   0.000000000000000E+000
   0.000000000000000E+000
   0.000000000000000E+000
   0.000000000000000E+000
   0.000000000000000E+000
   0.000000000000000E+000
   0.000000000000000E+000
   0.000000000000000E+000
   0.000000000000000E+000
   0.000000000000000E+000
  -4.640608413633196E-001
   0.000000000000000E+000
   0.000000000000000E+000
   0.000000000000000E+000
   0.000000000000000E+000
   0.000000000000000E+000
   0.000000000000000E+000
   0.000000000000000E+000
   0.000000000000000E+000
   0.000000000000000E+000
   0.000000000000000E+000
   0.000000000000000E+000
   0.000000000000000E+000
   0.000000000000000E+000
   0.000000000000000E+000
   0.000000000000000E+000
   0.000000000000000E+000
   0.000000000000000E+000
   0.000000000000000E+000
   0.000000000000000E+000
   7.704122689752172E-001
   0.000000000000000E+000
   0.000000000000000E+000
   0.000000000000000E+000
   0.000000000000000E+000
   0.000000000000000E+000
   0.000000000000000E+000
   0.000000000000000E+000
   0.000000000000000E+000
   4.572692362768613E-001
   0.000000000000000E+000
   0.000000000000000E+000
   6.134907893981081E-001
   0.000000000000000E+000
   0.000000000000000E+000
   0.000000000000000E+000
   0.000000000000000E+000
   0.000000000000000E+000
   0.000000000000000E+000
   0.000000000000000E+000
   0.000000000000000E+000
   0.000000000000000E+000
   0.000000000000000E+000
   0.000000000000000E+000
   0.000000000000000E+000
   0.000000000000000E+000
   0.000000000000000E+000
   0.000000000000000E+000
   0.000000000000000E+000
   0.000000000000000E+000
   0.000000000000000E+000
   0.000000000000000E+000
   0.000000000000000E+000
   7.704122689752172E-001
   0.000000000000000E+000
   0.000000000000000E+000
   0.000000000000000E+000
   0.000000000000000E+000
   0.000000000000000E+000
   0.000000000000000E+000
   0.000000000000000E+000
  -1.025724585445945E-001
   0.000000000000000E+000
   0.000000000000000E+000
  -1.376153337482070E-001
   0.000000000000000E+000
   0.000000000000000E+000
   0.000000000000000E+000
   0.000000000000000E+000
   0.000000000000000E+000
   0.000000000000000E+000
   0.000000000000000E+000
   0.000000000000000E+000
   0.000000000000000E+000
   0.000000000000000E+000
   0.000000000000000E+000
   0.000000000000000E+000
   0.000000000000000E+000
   0.000000000000000E+000
   0.000000000000000E+000
   0.000000000000000E+000
   0.000000000000000E+000
   0.000000000000000E+000
   0.000000000000000E+000
   0.000000000000000E+000
   0.000000000000000E+000
   7.704122689752172E-001
   0.000000000000000E+000
   0.000000000000000E+000
   0.000000000000000E+000
   0.000000000000000E+000
   0.000000000000000E+000
   0.000000000000000E+000
  -5.373446403105230E-001
   0.000000000000000E+000
   0.000000000000000E+000
  -7.209231704433960E-001
   0.000000000000000E+000
   0.000000000000000E+000
   0.000000000000000E+000
   0.000000000000000E+000
   0.000000000000000E+000
   0.000000000000000E+000
   0.000000000000000E+000
   0.000000000000000E+000
   0.000000000000000E+000
   0.000000000000000E+000
   0.000000000000000E+000
   0.000000000000000E+000
   0.000000000000000E+000
   0.000000000000000E+000
   0.000000000000000E+000
   0.000000000000000E+000
   0.000000000000000E+000
   0.000000000000000E+000
   0.000000000000000E+000
   0.000000000000000E+000
   0.000000000000000E+000
   0.000000000000000E+000
   9.679874664912246E-001
   0.000000000000000E+000
   0.000000000000000E+000
   0.000000000000000E+000
   0.000000000000000E+000
   0.000000000000000E+000
   0.000000000000000E+000
  -2.912536127677822E-001
   0.000000000000000E+000
   1.224392001454126E-001
   0.000000000000000E+000
   0.000000000000000E+000
   0.000000000000000E+000
   0.000000000000000E+000
   0.000000000000000E+000
   0.000000000000000E+000
   0.000000000000000E+000
   0.000000000000000E+000
   0.000000000000000E+000
   0.000000000000000E+000
   0.000000000000000E+000
   0.000000000000000E+000
   0.000000000000000E+000
   0.000000000000000E+000
   0.000000000000000E+000
   0.000000000000000E+000
   0.000000000000000E+000
   0.000000000000000E+000
   0.000000000000000E+000
   0.000000000000000E+000
   0.000000000000000E+000
   0.000000000000000E+000
   0.000000000000000E+000
   9.679874664912246E-001
   0.000000000000000E+000
   0.000000000000000E+000
   0.000000000000000E+000
   0.000000000000000E+000
   0.000000000000000E+000
  -7.170419714884640E-002
   0.000000000000000E+000
   3.014350435877198E-002
   0.000000000000000E+000
   0.000000000000000E+000
   0.000000000000000E+000
   0.000000000000000E+000
   0.000000000000000E+000
   0.000000000000000E+000
   0.000000000000000E+000
   0.000000000000000E+000
   0.000000000000000E+000
   0.000000000000000E+000
   0.000000000000000E+000
   0.000000000000000E+000
   0.000000000000000E+000
   0.000000000000000E+000
   0.000000000000000E+000
   0.000000000000000E+000
   0.000000000000000E+000
   0.000000000000000E+000
   0.000000000000000E+000
   0.000000000000000E+000
   0.000000000000000E+000
   0.000000000000000E+000
   0.000000000000000E+000
   0.000000000000000E+000
   9.679874664912246E-001
   0.000000000000000E+000
   0.000000000000000E+000
   0.000000000000000E+000
   0.000000000000000E+000
   2.228562196402647E-001
   0.000000000000000E+000
  -9.368583284129052E-002
   0.000000000000000E+000
   0.000000000000000E+000
   0.000000000000000E+000
   0.000000000000000E+000
   0.000000000000000E+000
   0.000000000000000E+000
   0.000000000000000E+000
   0.000000000000000E+000
   0.000000000000000E+000
   0.000000000000000E+000
   0.000000000000000E+000
   0.000000000000000E+000
   0.000000000000000E+000
   0.000000000000000E+000
   0.000000000000000E+000
   0.000000000000000E+000
   0.000000000000000E+000
   0.000000000000000E+000
   0.000000000000000E+000
   0.000000000000000E+000
   0.000000000000000E+000
   0.000000000000000E+000
   0.000000000000000E+000
   0.000000000000000E+000
   0.000000000000000E+000
   7.697641820168409E-001
   0.000000000000000E+000
   0.000000000000000E+000
   0.000000000000000E+000
   0.000000000000000E+000
   2.242275431354107E-001
   3.014554318221391E-001
   0.000000000000000E+000
   0.000000000000000E+000
   0.000000000000000E+000
   0.000000000000000E+000
   0.000000000000000E+000
   0.000000000000000E+000
   0.000000000000000E+000
   0.000000000000000E+000
   0.000000000000000E+000
   0.000000000000000E+000
   0.000000000000000E+000
   0.000000000000000E+000
   0.000000000000000E+000
   0.000000000000000E+000
   0.000000000000000E+000
   0.000000000000000E+000
   0.000000000000000E+000
   0.000000000000000E+000
   0.000000000000000E+000
   0.000000000000000E+000
   0.000000000000000E+000
   0.000000000000000E+000
   0.000000000000000E+000
   0.000000000000000E+000
   0.000000000000000E+000
   0.000000000000000E+000
   7.697641820168409E-001
   0.000000000000000E+000
   0.000000000000000E+000
   0.000000000000000E+000
  -4.056378953370313E-001
  -5.453466830718591E-001
   0.000000000000000E+000
   0.000000000000000E+000
   0.000000000000000E+000
   0.000000000000000E+000
   0.000000000000000E+000
   0.000000000000000E+000
   0.000000000000000E+000
   0.000000000000000E+000
   0.000000000000000E+000
   0.000000000000000E+000
   0.000000000000000E+000
   0.000000000000000E+000
   0.000000000000000E+000
   0.000000000000000E+000
   0.000000000000000E+000
   0.000000000000000E+000
   0.000000000000000E+000
   0.000000000000000E+000
   0.000000000000000E+000
   0.000000000000000E+000
   0.000000000000000E+000
   0.000000000000000E+000
   0.000000000000000E+000
   0.000000000000000E+000
   0.000000000000000E+000
   0.000000000000000E+000
   0.000000000000000E+000
   7.697641820168409E-001
   0.000000000000000E+000
   0.000000000000000E+000
  -7.900042200139445E-001
       -1.062095494404970
   0.000000000000000E+000
   0.000000000000000E+000
   0.000000000000000E+000
   0.000000000000000E+000
   0.000000000000000E+000
   0.000000000000000E+000
   0.000000000000000E+000
   0.000000000000000E+000
   0.000000000000000E+000
   0.000000000000000E+000
   0.000000000000000E+000
   0.000000000000000E+000
   0.000000000000000E+000
   0.000000000000000E+000
   0.000000000000000E+000
   0.000000000000000E+000
   0.000000000000000E+000
   0.000000000000000E+000
   0.000000000000000E+000
   0.000000000000000E+000
   0.000000000000000E+000
   0.000000000000000E+000
   0.000000000000000E+000
   0.000000000000000E+000
   0.000000000000000E+000
   0.000000000000000E+000
   0.000000000000000E+000
   0.000000000000000E+000
   1.729550517178962E-001
   0.000000000000000E+000
   0.000000000000000E+000
   5.004669703630401E-001
   0.000000000000000E+000
   0.000000000000000E+000
   0.000000000000000E+000
   0.000000000000000E+000
   0.000000000000000E+000
   0.000000000000000E+000
   0.000000000000000E+000
   0.000000000000000E+000
   0.000000000000000E+000
   0.000000000000000E+000
   0.000000000000000E+000
   0.000000000000000E+000
   0.000000000000000E+000
   0.000000000000000E+000
   0.000000000000000E+000
   0.000000000000000E+000
   0.000000000000000E+000
   0.000000000000000E+000
   0.000000000000000E+000
   0.000000000000000E+000
   0.000000000000000E+000
   0.000000000000000E+000
   0.000000000000000E+000
   0.000000000000000E+000
   0.000000000000000E+000
   0.000000000000000E+000
   0.000000000000000E+000
   0.000000000000000E+000
   0.000000000000000E+000
   3.430622112700341E-001
   0.000000000000000E+000
  -2.498957913597674E-001
   0.000000000000000E+000
   0.000000000000000E+000
   0.000000000000000E+000
   0.000000000000000E+000
   0.000000000000000E+000
   0.000000000000000E+000
   0.000000000000000E+000
   0.000000000000000E+000
   0.000000000000000E+000
   0.000000000000000E+000
   0.000000000000000E+000
   0.000000000000000E+000
   0.000000000000000E+000
   0.000000000000000E+000
   0.000000000000000E+000
   0.000000000000000E+000
   0.000000000000000E+000
   0.000000000000000E+000
   0.000000000000000E+000
   0.000000000000000E+000
   0.000000000000000E+000
   0.000000000000000E+000
   0.000000000000000E+000
   0.000000000000000E+000
   0.000000000000000E+000
   0.000000000000000E+000
   0.000000000000000E+000
   0.000000000000000E+000
  -7.754399824684424E-002
   3.906862953697021E-001
   0.000000000000000E+000
  -2.682755415174191E-001
   0.000000000000000E+000
   0.000000000000000E+000
   0.000000000000000E+000
   0.000000000000000E+000
   0.000000000000000E+000
   0.000000000000000E+000
   0.000000000000000E+000
   0.000000000000000E+000
   0.000000000000000E+000
   0.000000000000000E+000
   0.000000000000000E+000
   0.000000000000000E+000
   0.000000000000000E+000
   0.000000000000000E+000
   0.000000000000000E+000
   0.000000000000000E+000
   0.000000000000000E+000
   0.000000000000000E+000
   0.000000000000000E+000
   0.000000000000000E+000
   0.000000000000000E+000
   0.000000000000000E+000
   0.000000000000000E+000
   0.000000000000000E+000
   0.000000000000000E+000
   0.000000000000000E+000
   0.000000000000000E+000
   0.000000000000000E+000
   0.000000000000000E+000
   0.000000000000000E+000
   1.725189385407000E-001
   5.006903852296480E-001
   0.000000000000000E+000
   0.000000000000000E+000
   0.000000000000000E+000
   0.000000000000000E+000
   0.000000000000000E+000
   0.000000000000000E+000
   0.000000000000000E+000
   0.000000000000000E+000
   0.000000000000000E+000
   0.000000000000000E+000
   0.000000000000000E+000
   0.000000000000000E+000
   0.000000000000000E+000
   0.000000000000000E+000
   0.000000000000000E+000
   0.000000000000000E+000
   0.000000000000000E+000
   0.000000000000000E+000
   0.000000000000000E+000
   0.000000000000000E+000
   0.000000000000000E+000
   0.000000000000000E+000
   0.000000000000000E+000
   0.000000000000000E+000
   0.000000000000000E+000
   0.000000000000000E+000
   0.000000000000000E+000
   0.000000000000000E+000
   1.972064646237278E-001
   0.000000000000000E+000
   1.964681120956406E-001
   5.287152876314183E-001
   0.000000000000000E+000
   0.000000000000000E+000
   0.000000000000000E+000
   0.000000000000000E+000
   0.000000000000000E+000
   0.000000000000000E+000
   0.000000000000000E+000
   0.000000000000000E+000
   0.000000000000000E+000
   0.000000000000000E+000
   0.000000000000000E+000
   0.000000000000000E+000
   0.000000000000000E+000
   0.000000000000000E+000
   0.000000000000000E+000
   0.000000000000000E+000
   0.000000000000000E+000
   0.000000000000000E+000
   0.000000000000000E+000
   0.000000000000000E+000
   0.000000000000000E+000
   0.000000000000000E+000
   0.000000000000000E+000
   0.000000000000000E+000
   0.000000000000000E+000
   0.000000000000000E+000
   0.000000000000000E+000
   0.000000000000000E+000
   0.000000000000000E+000
   3.911657113138919E-001
  -7.734846791042432E-002
  -2.684295698741885E-001
   0.000000000000000E+000
   0.000000000000000E+000
   0.000000000000000E+000
   0.000000000000000E+000
   0.000000000000000E+000
   0.000000000000000E+000
   0.000000000000000E+000
   0.000000000000000E+000
   0.000000000000000E+000
   0.000000000000000E+000
   0.000000000000000E+000
   0.000000000000000E+000
   0.000000000000000E+000
   0.000000000000000E+000
   0.000000000000000E+000
   0.000000000000000E+000
   8.510947697492325E-001
   0.000000000000000E+000
   0.000000000000000E+000
   0.000000000000000E+000
   0.000000000000000E+000
   0.000000000000000E+000
   0.000000000000000E+000
   0.000000000000000E+000
   0.000000000000000E+000
   0.000000000000000E+000
   0.000000000000000E+000
   0.000000000000000E+000
   0.000000000000000E+000
   0.000000000000000E+000
   0.000000000000000E+000
   0.000000000000000E+000
   0.000000000000000E+000
   0.000000000000000E+000
   0.000000000000000E+000
   0.000000000000000E+000
   0.000000000000000E+000
   0.000000000000000E+000
  -8.510947697492325E-001
   6.038524512632435E-001
   0.000000000000000E+000
   0.000000000000000E+000
   0.000000000000000E+000
   0.000000000000000E+000
   0.000000000000000E+000
   0.000000000000000E+000
   0.000000000000000E+000
   0.000000000000000E+000
   0.000000000000000E+000
   8.510947697492325E-001
   0.000000000000000E+000
   0.000000000000000E+000
   0.000000000000000E+000
   0.000000000000000E+000
   0.000000000000000E+000
   0.000000000000000E+000
   0.000000000000000E+000
   0.000000000000000E+000
   0.000000000000000E+000
   0.000000000000000E+000
   0.000000000000000E+000
   0.000000000000000E+000
   0.000000000000000E+000
   0.000000000000000E+000
   0.000000000000000E+000
   0.000000000000000E+000
   0.000000000000000E+000
   0.000000000000000E+000
   0.000000000000000E+000
   0.000000000000000E+000
  -8.510947697492325E-001
   6.537428736385857E-002
   0.000000000000000E+000
   0.000000000000000E+000
   0.000000000000000E+000
   0.000000000000000E+000
   0.000000000000000E+000
   0.000000000000000E+000
   0.000000000000000E+000
   0.000000000000000E+000
   0.000000000000000E+000
   0.000000000000000E+000
   8.510947697492325E-001
   0.000000000000000E+000
   0.000000000000000E+000
   0.000000000000000E+000
   0.000000000000000E+000
   0.000000000000000E+000
   0.000000000000000E+000
   0.000000000000000E+000
   0.000000000000000E+000
   0.000000000000000E+000
   0.000000000000000E+000
   0.000000000000000E+000
   0.000000000000000E+000
   0.000000000000000E+000
   0.000000000000000E+000
   0.000000000000000E+000
   0.000000000000000E+000
   0.000000000000000E+000
   0.000000000000000E+000
   0.000000000000000E+000
  -8.510947697492325E-001
  -5.343103158918939E-001
   0.000000000000000E+000
   0.000000000000000E+000
   0.000000000000000E+000
   0.000000000000000E+000
   0.000000000000000E+000
   0.000000000000000E+000
   0.000000000000000E+000
   0.000000000000000E+000
   0.000000000000000E+000
   0.000000000000000E+000
   0.000000000000000E+000
   7.978633851529188E-001
   0.000000000000000E+000
   0.000000000000000E+000
   0.000000000000000E+000
   0.000000000000000E+000
   0.000000000000000E+000
   0.000000000000000E+000
   0.000000000000000E+000
   0.000000000000000E+000
   4.751971686762593E-001
   0.000000000000000E+000
   0.000000000000000E+000
   0.000000000000000E+000
   0.000000000000000E+000
   0.000000000000000E+000
   0.000000000000000E+000
   0.000000000000000E+000
   0.000000000000000E+000
   0.000000000000000E+000
  -9.772585001808718E-001
   6.338486424360950E-001
   0.000000000000000E+000
   0.000000000000000E+000
   0.000000000000000E+000
   0.000000000000000E+000
   0.000000000000000E+000
   0.000000000000000E+000
   0.000000000000000E+000
   0.000000000000000E+000
   0.000000000000000E+000
   0.000000000000000E+000
   0.000000000000000E+000
   0.000000000000000E+000
   0.000000000000000E+000
   0.000000000000000E+000
   0.000000000000000E+000
   0.000000000000000E+000
   0.000000000000000E+000
   0.000000000000000E+000
   0.000000000000000E+000
   0.000000000000000E+000
  -3.637730636748440E-002
   0.000000000000000E+000
   0.000000000000000E+000
   0.000000000000000E+000
   7.978633851529188E-001
   0.000000000000000E+000
   0.000000000000000E+000
   0.000000000000000E+000
   0.000000000000000E+000
   0.000000000000000E+000
  -9.772585001808718E-001
  -1.894872151350066E-001
   0.000000000000000E+000
   0.000000000000000E+000
   0.000000000000000E+000
   0.000000000000000E+000
   0.000000000000000E+000
   0.000000000000000E+000
   0.000000000000000E+000
   0.000000000000000E+000
   0.000000000000000E+000
   0.000000000000000E+000
   0.000000000000000E+000
   0.000000000000000E+000
   0.000000000000000E+000
   0.000000000000000E+000
   0.000000000000000E+000
   0.000000000000000E+000
   0.000000000000000E+000
   0.000000000000000E+000
   0.000000000000000E+000
   0.000000000000000E+000
  -3.914603114864552E-001
   0.000000000000000E+000
   0.000000000000000E+000
   0.000000000000000E+000
   0.000000000000000E+000
   7.978633851529188E-001
   0.000000000000000E+000
   0.000000000000000E+000
   0.000000000000000E+000
   0.000000000000000E+000
  -9.772585001808718E-001
  -7.609632851706610E-001
   0.000000000000000E+000
   0.000000000000000E+000
   0.000000000000000E+000
   0.000000000000000E+000
   0.000000000000000E+000
   0.000000000000000E+000
   0.000000000000000E+000
   0.000000000000000E+000
   0.000000000000000E+000
   0.000000000000000E+000
   0.000000000000000E+000
   0.000000000000000E+000
   0.000000000000000E+000
   0.000000000000000E+000
   9.731009291242474E-001
   0.000000000000000E+000
   0.000000000000000E+000
   0.000000000000000E+000
   0.000000000000000E+000
   0.000000000000000E+000
   0.000000000000000E+000
  -1.527007222987253E-001
   0.000000000000000E+000
   0.000000000000000E+000
   0.000000000000000E+000
   0.000000000000000E+000
   0.000000000000000E+000
   0.000000000000000E+000
   0.000000000000000E+000
   0.000000000000000E+000
   3.734667210792860E-001
   1.270457070720464E-001
   0.000000000000000E+000
   0.000000000000000E+000
   0.000000000000000E+000
   0.000000000000000E+000
   0.000000000000000E+000
   0.000000000000000E+000
   0.000000000000000E+000
   0.000000000000000E+000
   0.000000000000000E+000
   0.000000000000000E+000
   0.000000000000000E+000
   0.000000000000000E+000
   0.000000000000000E+000
   0.000000000000000E+000
   0.000000000000000E+000
   0.000000000000000E+000
   0.000000000000000E+000
   0.000000000000000E+000
   0.000000000000000E+000
   0.000000000000000E+000
   0.000000000000000E+000
   2.002855582591569E-002
   0.000000000000000E+000
   0.000000000000000E+000
   0.000000000000000E+000
   0.000000000000000E+000
   9.731009291242474E-001
   0.000000000000000E+000
   0.000000000000000E+000
   0.000000000000000E+000
   3.734667210792860E-001
   3.993987755932880E-002
   0.000000000000000E+000
   0.000000000000000E+000
   0.000000000000000E+000
   0.000000000000000E+000
   0.000000000000000E+000
   0.000000000000000E+000
   0.000000000000000E+000
   0.000000000000000E+000
   0.000000000000000E+000
   0.000000000000000E+000
   0.000000000000000E+000
   0.000000000000000E+000
   0.000000000000000E+000
   0.000000000000000E+000
   0.000000000000000E+000
   0.000000000000000E+000
   0.000000000000000E+000
   0.000000000000000E+000
   0.000000000000000E+000
   0.000000000000000E+000
   0.000000000000000E+000
   2.812692288366543E-001
   0.000000000000000E+000
   0.000000000000000E+000
   0.000000000000000E+000
   0.000000000000000E+000
   0.000000000000000E+000
   9.731009291242474E-001
   0.000000000000000E+000
   0.000000000000000E+000
   3.734667210792860E-001
  -9.180145646419813E-002
   0.000000000000000E+000
   0.000000000000000E+000
   0.000000000000000E+000
   0.000000000000000E+000
   0.000000000000000E+000
   0.000000000000000E+000
   0.000000000000000E+000
   0.000000000000000E+000
   0.000000000000000E+000
   0.000000000000000E+000
   0.000000000000000E+000
   0.000000000000000E+000
   0.000000000000000E+000
   0.000000000000000E+000
   0.000000000000000E+000
   0.000000000000000E+000
   0.000000000000000E+000
   7.972632138203650E-001
   0.000000000000000E+000
   0.000000000000000E+000
   0.000000000000000E+000
   0.000000000000000E+000
   2.593526976232137E-001
   0.000000000000000E+000
   0.000000000000000E+000
   0.000000000000000E+000
   0.000000000000000E+000
   0.000000000000000E+000
   0.000000000000000E+000
   0.000000000000000E+000
  -9.785448599631237E-001
   2.871569237665160E-001
   0.000000000000000E+000
   0.000000000000000E+000
   0.000000000000000E+000
   0.000000000000000E+000
   0.000000000000000E+000
   0.000000000000000E+000
   0.000000000000000E+000
   0.000000000000000E+000
   0.000000000000000E+000
   0.000000000000000E+000
   0.000000000000000E+000
   0.000000000000000E+000
   0.000000000000000E+000
   0.000000000000000E+000
   0.000000000000000E+000
   0.000000000000000E+000
   0.000000000000000E+000
   0.000000000000000E+000
   0.000000000000000E+000
   0.000000000000000E+000
   0.000000000000000E+000
   0.000000000000000E+000
  -3.808906119338091E-001
   0.000000000000000E+000
   0.000000000000000E+000
   0.000000000000000E+000
   0.000000000000000E+000
   0.000000000000000E+000
   7.972632138203650E-001
   0.000000000000000E+000
  -9.785448599631237E-001
  -7.453935834478912E-001
   0.000000000000000E+000
   0.000000000000000E+000
   0.000000000000000E+000
   0.000000000000000E+000
   0.000000000000000E+000
   0.000000000000000E+000
   0.000000000000000E+000
   0.000000000000000E+000
   0.000000000000000E+000
   0.000000000000000E+000
   0.000000000000000E+000
   0.000000000000000E+000
   0.000000000000000E+000
   0.000000000000000E+000
   0.000000000000000E+000
   0.000000000000000E+000
   0.000000000000000E+000
   0.000000000000000E+000
   0.000000000000000E+000
   0.000000000000000E+000
   0.000000000000000E+000
   0.000000000000000E+000
  -6.465287958285310E-001
   0.000000000000000E+000
   0.000000000000000E+000
   0.000000000000000E+000
   0.000000000000000E+000
   0.000000000000000E+000
   0.000000000000000E+000
   7.972632138203650E-001
  -9.785448599631237E-001
       -1.173800780245908
   0.000000000000000E+000
   0.000000000000000E+000
   0.000000000000000E+000
   0.000000000000000E+000
   0.000000000000000E+000
   0.000000000000000E+000
   0.000000000000000E+000
   0.000000000000000E+000
   0.000000000000000E+000
   0.000000000000000E+000
   0.000000000000000E+000
   0.000000000000000E+000
   0.000000000000000E+000
   0.000000000000000E+000
   0.000000000000000E+000
   0.000000000000000E+000
   0.000000000000000E+000
   0.000000000000000E+000
   0.000000000000000E+000
   0.000000000000000E+000
   1.644925716569350E-001
   0.000000000000000E+000
   0.000000000000000E+000
   0.000000000000000E+000
   0.000000000000000E+000
   0.000000000000000E+000
   0.000000000000000E+000
   0.000000000000000E+000
   0.000000000000000E+000
   0.000000000000000E+000
   0.000000000000000E+000
   5.659772913061569E-001
   0.000000000000000E+000
   0.000000000000000E+000
   0.000000000000000E+000
   0.000000000000000E+000
   0.000000000000000E+000
   0.000000000000000E+000
   0.000000000000000E+000
   0.000000000000000E+000
   0.000000000000000E+000
   0.000000000000000E+000
   0.000000000000000E+000
   0.000000000000000E+000
   0.000000000000000E+000
   0.000000000000000E+000
   0.000000000000000E+000
   0.000000000000000E+000
   0.000000000000000E+000
   0.000000000000000E+000
   0.000000000000000E+000
   0.000000000000000E+000
   0.000000000000000E+000
   2.984244115903173E-001
   0.000000000000000E+000
   0.000000000000000E+000
   0.000000000000000E+000
   0.000000000000000E+000
   0.000000000000000E+000
   0.000000000000000E+000
   0.000000000000000E+000
   0.000000000000000E+000
   0.000000000000000E+000
  -2.656140587838843E-001
   0.000000000000000E+000
   0.000000000000000E+000
   0.000000000000000E+000
   0.000000000000000E+000
   0.000000000000000E+000
   0.000000000000000E+000
   0.000000000000000E+000
   0.000000000000000E+000
   0.000000000000000E+000
   0.000000000000000E+000
   0.000000000000000E+000
   0.000000000000000E+000
   0.000000000000000E+000
   0.000000000000000E+000
   0.000000000000000E+000
   0.000000000000000E+000
   0.000000000000000E+000
   0.000000000000000E+000
   0.000000000000000E+000
   0.000000000000000E+000
  -7.218056503474407E-002
   3.426619493549950E-001
   0.000000000000000E+000
   0.000000000000000E+000
   0.000000000000000E+000
   0.000000000000000E+000
   0.000000000000000E+000
   0.000000000000000E+000
   0.000000000000000E+000
   0.000000000000000E+000
   0.000000000000000E+000
  -2.889698708455411E-001
   0.000000000000000E+000
   0.000000000000000E+000
   0.000000000000000E+000
   0.000000000000000E+000
   0.000000000000000E+000
   0.000000000000000E+000
   0.000000000000000E+000
   0.000000000000000E+000
   0.000000000000000E+000
   0.000000000000000E+000
   0.000000000000000E+000
   0.000000000000000E+000
   0.000000000000000E+000
   0.000000000000000E+000
   0.000000000000000E+000
   0.000000000000000E+000
   0.000000000000000E+000
   0.000000000000000E+000
   0.000000000000000E+000
   0.000000000000000E+000
   0.000000000000000E+000
   0.000000000000000E+000
   1.641216454403375E-001
   0.000000000000000E+000
   0.000000000000000E+000
   0.000000000000000E+000
   0.000000000000000E+000
   0.000000000000000E+000
   0.000000000000000E+000
   0.000000000000000E+000
   0.000000000000000E+000
   5.663236272794767E-001
   0.000000000000000E+000
   0.000000000000000E+000
   0.000000000000000E+000
   0.000000000000000E+000
   0.000000000000000E+000
   0.000000000000000E+000
   0.000000000000000E+000
   0.000000000000000E+000
   0.000000000000000E+000
   0.000000000000000E+000
   0.000000000000000E+000
   0.000000000000000E+000
   0.000000000000000E+000
   0.000000000000000E+000
   0.000000000000000E+000
   0.000000000000000E+000
   0.000000000000000E+000
   0.000000000000000E+000
   0.000000000000000E+000
   0.000000000000000E+000
   1.891250730449630E-001
   0.000000000000000E+000
   1.884505448406155E-001
   0.000000000000000E+000
   0.000000000000000E+000
   0.000000000000000E+000
   0.000000000000000E+000
   0.000000000000000E+000
   0.000000000000000E+000
   0.000000000000000E+000
   0.000000000000000E+000
   6.083038719832548E-001
   0.000000000000000E+000
   0.000000000000000E+000
   0.000000000000000E+000
   0.000000000000000E+000
   0.000000000000000E+000
   0.000000000000000E+000
   0.000000000000000E+000
   0.000000000000000E+000
   0.000000000000000E+000
   0.000000000000000E+000
   0.000000000000000E+000
   0.000000000000000E+000
   0.000000000000000E+000
   0.000000000000000E+000
   0.000000000000000E+000
   0.000000000000000E+000
   0.000000000000000E+000
   0.000000000000000E+000
   0.000000000000000E+000
   0.000000000000000E+000
   0.000000000000000E+000
   3.431129933218438E-001
  -7.201779984948059E-002
   0.000000000000000E+000
   0.000000000000000E+000
   0.000000000000000E+000
   0.000000000000000E+000
   0.000000000000000E+000
   0.000000000000000E+000
   0.000000000000000E+000
   0.000000000000000E+000
  -2.891753067071007E-001
   0.000000000000000E+000
   0.000000000000000E+000
   0.000000000000000E+000
   0.000000000000000E+000
   0.000000000000000E+000
   0.000000000000000E+000
   0.000000000000000E+000
   0.000000000000000E+000
   8.389210437938721E-001
   0.000000000000000E+000
   0.000000000000000E+000
   0.000000000000000E+000
   0.000000000000000E+000
   0.000000000000000E+000
   0.000000000000000E+000
   0.000000000000000E+000
   0.000000000000000E+000
   0.000000000000000E+000
   0.000000000000000E+000
   0.000000000000000E+000
   0.000000000000000E+000
   0.000000000000000E+000
   0.000000000000000E+000
   0.000000000000000E+000
   0.000000000000000E+000
   0.000000000000000E+000
   0.000000000000000E+000
   0.000000000000000E+000
   0.000000000000000E+000
   0.000000000000000E+000
   0.000000000000000E+000
   0.000000000000000E+000
   0.000000000000000E+000
   0.000000000000000E+000
   0.000000000000000E+000
   0.000000000000000E+000
   0.000000000000000E+000
   0.000000000000000E+000
  -8.389210437938721E-001
   5.641848295739046E-001
   0.000000000000000E+000
   8.389210437938721E-001
   0.000000000000000E+000
   0.000000000000000E+000
   0.000000000000000E+000
   0.000000000000000E+000
   0.000000000000000E+000
   0.000000000000000E+000
   0.000000000000000E+000
   0.000000000000000E+000
   0.000000000000000E+000
   0.000000000000000E+000
   0.000000000000000E+000
   0.000000000000000E+000
   0.000000000000000E+000
   0.000000000000000E+000
   0.000000000000000E+000
   0.000000000000000E+000
   0.000000000000000E+000
   0.000000000000000E+000
   0.000000000000000E+000
   0.000000000000000E+000
   0.000000000000000E+000
   0.000000000000000E+000
   0.000000000000000E+000
   0.000000000000000E+000
   0.000000000000000E+000
   0.000000000000000E+000
   0.000000000000000E+000
   0.000000000000000E+000
  -8.389210437938721E-001
   4.848427628859370E-002
   0.000000000000000E+000
   0.000000000000000E+000
   8.389210437938721E-001
   0.000000000000000E+000
   0.000000000000000E+000
   0.000000000000000E+000
   0.000000000000000E+000
   0.000000000000000E+000
   0.000000000000000E+000
   0.000000000000000E+000
   0.000000000000000E+000
   0.000000000000000E+000
   0.000000000000000E+000
   0.000000000000000E+000
   0.000000000000000E+000
   0.000000000000000E+000
   0.000000000000000E+000
   0.000000000000000E+000
   0.000000000000000E+000
   0.000000000000000E+000
   0.000000000000000E+000
   0.000000000000000E+000
   0.000000000000000E+000
   0.000000000000000E+000
   0.000000000000000E+000
   0.000000000000000E+000
   0.000000000000000E+000
   0.000000000000000E+000
   0.000000000000000E+000
   0.000000000000000E+000
  -8.389210437938721E-001
  -5.258336857550051E-001
   0.000000000000000E+000
   0.000000000000000E+000
   0.000000000000000E+000
   7.829183742061420E-001
   0.000000000000000E+000
   0.000000000000000E+000
   0.000000000000000E+000
   0.000000000000000E+000
   0.000000000000000E+000
   0.000000000000000E+000
   0.000000000000000E+000
   0.000000000000000E+000
   5.143803443576768E-001
   0.000000000000000E+000
   0.000000000000000E+000
   0.000000000000000E+000
   0.000000000000000E+000
   0.000000000000000E+000
   0.000000000000000E+000
   0.000000000000000E+000
   0.000000000000000E+000
   0.000000000000000E+000
   0.000000000000000E+000
   0.000000000000000E+000
   0.000000000000000E+000
   0.000000000000000E+000
   0.000000000000000E+000
   0.000000000000000E+000
   0.000000000000000E+000
   0.000000000000000E+000
  -9.589531871977042E-001
   5.777968829919834E-001
   0.000000000000000E+000
   0.000000000000000E+000
   0.000000000000000E+000
   0.000000000000000E+000
   0.000000000000000E+000
   0.000000000000000E+000
   0.000000000000000E+000
   0.000000000000000E+000
   0.000000000000000E+000
   0.000000000000000E+000
   0.000000000000000E+000
   0.000000000000000E+000
  -2.679504651818020E-002
   0.000000000000000E+000
   0.000000000000000E+000
   0.000000000000000E+000
   0.000000000000000E+000
   0.000000000000000E+000
   0.000000000000000E+000
   0.000000000000000E+000
   0.000000000000000E+000
   0.000000000000000E+000
   0.000000000000000E+000
   0.000000000000000E+000
   7.829183742061420E-001
   0.000000000000000E+000
   0.000000000000000E+000
   0.000000000000000E+000
   0.000000000000000E+000
   0.000000000000000E+000
  -9.589531871977042E-001
  -2.096644774882269E-001
   0.000000000000000E+000
   0.000000000000000E+000
   0.000000000000000E+000
   0.000000000000000E+000
   0.000000000000000E+000
   0.000000000000000E+000
   0.000000000000000E+000
   0.000000000000000E+000
   0.000000000000000E+000
   0.000000000000000E+000
   0.000000000000000E+000
   0.000000000000000E+000
  -4.115654744423374E-001
   0.000000000000000E+000
   0.000000000000000E+000
   0.000000000000000E+000
   0.000000000000000E+000
   0.000000000000000E+000
   0.000000000000000E+000
   0.000000000000000E+000
   0.000000000000000E+000
   0.000000000000000E+000
   0.000000000000000E+000
   0.000000000000000E+000
   0.000000000000000E+000
   7.829183742061420E-001
   0.000000000000000E+000
   0.000000000000000E+000
   0.000000000000000E+000
   0.000000000000000E+000
  -9.589531871977042E-001
  -7.695418291825398E-001
   0.000000000000000E+000
   0.000000000000000E+000
   0.000000000000000E+000
   0.000000000000000E+000
   0.000000000000000E+000
   0.000000000000000E+000
   9.703737148858916E-001
   0.000000000000000E+000
   0.000000000000000E+000
   0.000000000000000E+000
   0.000000000000000E+000
   0.000000000000000E+000
   0.000000000000000E+000
  -1.336428571446691E-001
   0.000000000000000E+000
   0.000000000000000E+000
   0.000000000000000E+000
   0.000000000000000E+000
   0.000000000000000E+000
   0.000000000000000E+000
   0.000000000000000E+000
   0.000000000000000E+000
   0.000000000000000E+000
   0.000000000000000E+000
   0.000000000000000E+000
   0.000000000000000E+000
   0.000000000000000E+000
   0.000000000000000E+000
   0.000000000000000E+000
   0.000000000000000E+000
   3.724200426425527E-001
   1.272162265902955E-001
   0.000000000000000E+000
   0.000000000000000E+000
   0.000000000000000E+000
   0.000000000000000E+000
   0.000000000000000E+000
   0.000000000000000E+000
   0.000000000000000E+000
   0.000000000000000E+000
   0.000000000000000E+000
   0.000000000000000E+000
   0.000000000000000E+000
   0.000000000000000E+000
   0.000000000000000E+000
   6.884786673435594E-002
   0.000000000000000E+000
   0.000000000000000E+000
   0.000000000000000E+000
   0.000000000000000E+000
   0.000000000000000E+000
   0.000000000000000E+000
   0.000000000000000E+000
   0.000000000000000E+000
   0.000000000000000E+000
   0.000000000000000E+000
   0.000000000000000E+000
   0.000000000000000E+000
   9.703737148858916E-001
   0.000000000000000E+000
   0.000000000000000E+000
   0.000000000000000E+000
   3.724200426425527E-001
   3.489332477584865E-002
   0.000000000000000E+000
   0.000000000000000E+000
   0.000000000000000E+000
   0.000000000000000E+000
   0.000000000000000E+000
   0.000000000000000E+000
   0.000000000000000E+000
   0.000000000000000E+000
   0.000000000000000E+000
   0.000000000000000E+000
   0.000000000000000E+000
   0.000000000000000E+000
   0.000000000000000E+000
   3.294313239309398E-001
   0.000000000000000E+000
   0.000000000000000E+000
   0.000000000000000E+000
   0.000000000000000E+000
   0.000000000000000E+000
   0.000000000000000E+000
   0.000000000000000E+000
   0.000000000000000E+000
   0.000000000000000E+000
   0.000000000000000E+000
   0.000000000000000E+000
   0.000000000000000E+000
   0.000000000000000E+000
   9.703737148858916E-001
   0.000000000000000E+000
   0.000000000000000E+000
   3.724200426425527E-001
  -8.391617164139126E-002
   0.000000000000000E+000
   0.000000000000000E+000
   0.000000000000000E+000
   0.000000000000000E+000
   0.000000000000000E+000
   0.000000000000000E+000
   0.000000000000000E+000
   0.000000000000000E+000
   0.000000000000000E+000
   7.822912057583714E-001
   0.000000000000000E+000
   0.000000000000000E+000
   0.000000000000000E+000
   0.000000000000000E+000
   2.887277265152356E-001
   0.000000000000000E+000
   0.000000000000000E+000
   0.000000000000000E+000
   0.000000000000000E+000
   0.000000000000000E+000
   0.000000000000000E+000
   0.000000000000000E+000
   0.000000000000000E+000
   0.000000000000000E+000
   0.000000000000000E+000
   0.000000000000000E+000
   0.000000000000000E+000
   0.000000000000000E+000
   0.000000000000000E+000
   0.000000000000000E+000
  -9.601685178988938E-001
   2.501043762153441E-001
   0.000000000000000E+000
   0.000000000000000E+000
   0.000000000000000E+000
   0.000000000000000E+000
   0.000000000000000E+000
   0.000000000000000E+000
   0.000000000000000E+000
   0.000000000000000E+000
   0.000000000000000E+000
   0.000000000000000E+000
   0.000000000000000E+000
   0.000000000000000E+000
   0.000000000000000E+000
   0.000000000000000E+000
  -3.357250108728822E-001
   0.000000000000000E+000
   0.000000000000000E+000
   0.000000000000000E+000
   0.000000000000000E+000
   0.000000000000000E+000
   0.000000000000000E+000
   0.000000000000000E+000
   0.000000000000000E+000
   0.000000000000000E+000
   0.000000000000000E+000
   0.000000000000000E+000
   0.000000000000000E+000
   0.000000000000000E+000
   7.822912057583714E-001
   0.000000000000000E+000
  -9.601685178988938E-001
  -6.604143451005016E-001
   0.000000000000000E+000
   0.000000000000000E+000
   0.000000000000000E+000
   0.000000000000000E+000
   0.000000000000000E+000
   0.000000000000000E+000
   0.000000000000000E+000
   0.000000000000000E+000
   0.000000000000000E+000
   0.000000000000000E+000
   0.000000000000000E+000
   0.000000000000000E+000
   0.000000000000000E+000
   0.000000000000000E+000
  -6.958765053372883E-001
   0.000000000000000E+000
   0.000000000000000E+000
   0.000000000000000E+000
   0.000000000000000E+000
   0.000000000000000E+000
   0.000000000000000E+000
   0.000000000000000E+000
   0.000000000000000E+000
   0.000000000000000E+000
   0.000000000000000E+000
   0.000000000000000E+000
   0.000000000000000E+000
   0.000000000000000E+000
   0.000000000000000E+000
   7.822912057583714E-001
  -9.601685178988938E-001
       -1.185553652826694
   0.000000000000000E+000
   0.000000000000000E+000
   0.000000000000000E+000
   0.000000000000000E+000
   0.000000000000000E+000
   0.000000000000000E+000
   0.000000000000000E+000
   0.000000000000000E+000
   0.000000000000000E+000
   0.000000000000000E+000
   0.000000000000000E+000
   0.000000000000000E+000
   1.694455850378074E-001
   0.000000000000000E+000
   0.000000000000000E+000
   0.000000000000000E+000
   0.000000000000000E+000
   0.000000000000000E+000
   0.000000000000000E+000
   0.000000000000000E+000
   0.000000000000000E+000
   0.000000000000000E+000
   0.000000000000000E+000
   0.000000000000000E+000
   0.000000000000000E+000
   0.000000000000000E+000
   0.000000000000000E+000
   0.000000000000000E+000
   0.000000000000000E+000
   0.000000000000000E+000
   0.000000000000000E+000
   5.296533546923947E-001
   0.000000000000000E+000
   0.000000000000000E+000
   0.000000000000000E+000
   0.000000000000000E+000
   0.000000000000000E+000
   0.000000000000000E+000
   0.000000000000000E+000
   0.000000000000000E+000
   0.000000000000000E+000
   0.000000000000000E+000
   0.000000000000000E+000
   0.000000000000000E+000
   0.000000000000000E+000
   3.226248925597376E-001
   0.000000000000000E+000
   0.000000000000000E+000
   0.000000000000000E+000
   0.000000000000000E+000
   0.000000000000000E+000
   0.000000000000000E+000
   0.000000000000000E+000
   0.000000000000000E+000
   0.000000000000000E+000
   0.000000000000000E+000
   0.000000000000000E+000
   0.000000000000000E+000
   0.000000000000000E+000
   0.000000000000000E+000
   0.000000000000000E+000
   0.000000000000000E+000
   0.000000000000000E+000
  -2.570391272398067E-001
   0.000000000000000E+000
   0.000000000000000E+000
   0.000000000000000E+000
   0.000000000000000E+000
   0.000000000000000E+000
   0.000000000000000E+000
   0.000000000000000E+000
   0.000000000000000E+000
   0.000000000000000E+000
   0.000000000000000E+000
   0.000000000000000E+000
   0.000000000000000E+000
  -7.522153899011952E-002
   3.687858008548111E-001
   0.000000000000000E+000
   0.000000000000000E+000
   0.000000000000000E+000
   0.000000000000000E+000
   0.000000000000000E+000
   0.000000000000000E+000
   0.000000000000000E+000
   0.000000000000000E+000
   0.000000000000000E+000
   0.000000000000000E+000
   0.000000000000000E+000
   0.000000000000000E+000
   0.000000000000000E+000
   0.000000000000000E+000
   0.000000000000000E+000
   0.000000000000000E+000
   0.000000000000000E+000
  -2.775973401080767E-001
   0.000000000000000E+000
   0.000000000000000E+000
   0.000000000000000E+000
   0.000000000000000E+000
   0.000000000000000E+000
   0.000000000000000E+000
   0.000000000000000E+000
   0.000000000000000E+000
   0.000000000000000E+000
   0.000000000000000E+000
   0.000000000000000E+000
   0.000000000000000E+000
   0.000000000000000E+000
   0.000000000000000E+000
   1.690387004089512E-001
   0.000000000000000E+000
   0.000000000000000E+000
   0.000000000000000E+000
   0.000000000000000E+000
   0.000000000000000E+000
   0.000000000000000E+000
   0.000000000000000E+000
   0.000000000000000E+000
   0.000000000000000E+000
   0.000000000000000E+000
   0.000000000000000E+000
   0.000000000000000E+000
   0.000000000000000E+000
   0.000000000000000E+000
   0.000000000000000E+000
   0.000000000000000E+000
   5.299292493341101E-001
   0.000000000000000E+000
   0.000000000000000E+000
   0.000000000000000E+000
   0.000000000000000E+000
   0.000000000000000E+000
   0.000000000000000E+000
   0.000000000000000E+000
   0.000000000000000E+000
   0.000000000000000E+000
   0.000000000000000E+000
   0.000000000000000E+000
   0.000000000000000E+000
   1.939351950387335E-001
   0.000000000000000E+000
   1.932246207388625E-001
   0.000000000000000E+000
   0.000000000000000E+000
   0.000000000000000E+000
   0.000000000000000E+000
   0.000000000000000E+000
   0.000000000000000E+000
   0.000000000000000E+000
   0.000000000000000E+000
   0.000000000000000E+000
   0.000000000000000E+000
   0.000000000000000E+000
   0.000000000000000E+000
   0.000000000000000E+000
   0.000000000000000E+000
   0.000000000000000E+000
   0.000000000000000E+000
   5.639361593041610E-001
   0.000000000000000E+000
   0.000000000000000E+000
   0.000000000000000E+000
   0.000000000000000E+000
   0.000000000000000E+000
   0.000000000000000E+000
   0.000000000000000E+000
   0.000000000000000E+000
   0.000000000000000E+000
   0.000000000000000E+000
   0.000000000000000E+000
   0.000000000000000E+000
   0.000000000000000E+000
   3.692531820699999E-001
  -7.504091175237144E-002
   0.000000000000000E+000
   0.000000000000000E+000
   0.000000000000000E+000
   0.000000000000000E+000
   0.000000000000000E+000
   0.000000000000000E+000
   0.000000000000000E+000
   0.000000000000000E+000
   0.000000000000000E+000
   0.000000000000000E+000
   0.000000000000000E+000
   0.000000000000000E+000
   0.000000000000000E+000
   0.000000000000000E+000
   0.000000000000000E+000
   0.000000000000000E+000
  -2.777736413365220E-001
   1.294349819884088E-001
   0.000000000000000E+000
   3.356089457739055E-001
   0.000000000000000E+000
   0.000000000000000E+000
   1.774575382000188E-001
   0.000000000000000E+000
   0.000000000000000E+000
   0.000000000000000E+000
   1.459046709828947E-001
   0.000000000000000E+000
   0.000000000000000E+000
   0.000000000000000E+000
   0.000000000000000E+000
   1.493988315160408E-001
   0.000000000000000E+000
   0.000000000000000E+000
   0.000000000000000E+000
   0.000000000000000E+000
   0.000000000000000E+000
   7.958516966956956E-002
   0.000000000000000E+000
   0.000000000000000E+000
   0.000000000000000E+000
   0.000000000000000E+000
   0.000000000000000E+000
   0.000000000000000E+000
   1.491144370312232E-001
   0.000000000000000E+000
   0.000000000000000E+000
   0.000000000000000E+000
   0.000000000000000E+000
   0.000000000000000E+000
   0.000000000000000E+000
   0.000000000000000E+000
   3.590701168655830E-001
   0.000000000000000E+000
   0.000000000000000E+000
   0.000000000000000E+000
   0.000000000000000E+000
   0.000000000000000E+000
   0.000000000000000E+000
   0.000000000000000E+000
   0.000000000000000E+000
   1.478060450826661E-001
   0.000000000000000E+000
   0.000000000000000E+000
   0.000000000000000E+000
   0.000000000000000E+000
   0.000000000000000E+000
   0.000000000000000E+000
   0.000000000000000E+000
   0.000000000000000E+000
   0.000000000000000E+000
   2.706337583526966E-001
   0.000000000000000E+000
   0.000000000000000E+000
   0.000000000000000E+000
   0.000000000000000E+000
   0.000000000000000E+000
   0.000000000000000E+000
   0.000000000000000E+000
   0.000000000000000E+000
   0.000000000000000E+000
   0.000000000000000E+000
   1.248511938045758E-001
   0.000000000000000E+000
   0.000000000000000E+000
   0.000000000000000E+000
   0.000000000000000E+000
   0.000000000000000E+000
   0.000000000000000E+000
   0.000000000000000E+000
   0.000000000000000E+000
   0.000000000000000E+000
   0.000000000000000E+000
   0.000000000000000E+000
   2.270722273447381E-002
   0.000000000000000E+000
   0.000000000000000E+000
   0.000000000000000E+000
   8.966809336859272E-002
  -1.989091564270363E-002
  -5.550880495066787E-002
   0.000000000000000E+000
   0.000000000000000E+000
   0.000000000000000E+000
   0.000000000000000E+000
   0.000000000000000E+000
   0.000000000000000E+000
   1.757829150603527E-001
   0.000000000000000E+000
   0.000000000000000E+000
   0.000000000000000E+000
   0.000000000000000E+000
   0.000000000000000E+000
   0.000000000000000E+000
  -3.724665520651584E-002
  -2.659831386383193E-002
   3.402884602060096E-002
   0.000000000000000E+000
   0.000000000000000E+000
   0.000000000000000E+000
  -2.296699621522506E-002
   3.333270605697742E-001
   0.000000000000000E+000
   0.000000000000000E+000
   0.000000000000000E+000
   0.000000000000000E+000
   0.000000000000000E+000
   0.000000000000000E+000
   0.000000000000000E+000
   0.000000000000000E+000
   0.000000000000000E+000
   8.566720135014055E-002
  -6.579206550311525E-002
  -2.330428227776182E-002
   3.292569266228242E-002
  -2.088232133733794E-002
   1.628023501161632E-001
   5.719032933078717E-002
   2.164693324497751E-002
  -6.362221065907074E-002
   6.487454082870722E-002
  -2.668645203174128E-002
  -7.447284414976955E-002
   1.280058006227492E-002
   1.118158241457002E-002
  -1.430528071064900E-002
   6.621906225394267E-002
  -8.845200388577922E-002
  -3.133068479952618E-002
   2.180924771218076E-001
  -1.555649041473742E-001
   2.089934168059860E-001
   8.809559609056189E-001
   0.000000000000000E+000
   0.000000000000000E+000
   0.000000000000000E+000
   0.000000000000000E+000
   0.000000000000000E+000
   0.000000000000000E+000
   0.000000000000000E+000
   0.000000000000000E+000
   0.000000000000000E+000
   0.000000000000000E+000
   0.000000000000000E+000
   0.000000000000000E+000
  -1.262572149350834E-003
   0.000000000000000E+000
   0.000000000000000E+000
   0.000000000000000E+000
   2.769199233457468E-002
   0.000000000000000E+000
   0.000000000000000E+000
   0.000000000000000E+000
   0.000000000000000E+000
   0.000000000000000E+000
   0.000000000000000E+000
   0.000000000000000E+000
   0.000000000000000E+000
   0.000000000000000E+000
   0.000000000000000E+000
   0.000000000000000E+000
   0.000000000000000E+000
  -5.822684014240554E-003
   0.000000000000000E+000
   0.000000000000000E+000
   0.000000000000000E+000
   0.000000000000000E+000
   1.186763061787044E-002
   0.000000000000000E+000
   0.000000000000000E+000
   0.000000000000000E+000
   0.000000000000000E+000
   0.000000000000000E+000
   0.000000000000000E+000
   0.000000000000000E+000
   0.000000000000000E+000
   0.000000000000000E+000
   0.000000000000000E+000
   0.000000000000000E+000
   0.000000000000000E+000
   0.000000000000000E+000
   8.948171636651276E-004
   0.000000000000000E+000
   0.000000000000000E+000
   0.000000000000000E+000
   0.000000000000000E+000
   4.347529701728006E-002
   0.000000000000000E+000
   0.000000000000000E+000
   0.000000000000000E+000
   0.000000000000000E+000
   0.000000000000000E+000
   0.000000000000000E+000
   0.000000000000000E+000
   0.000000000000000E+000
   0.000000000000000E+000
   0.000000000000000E+000
   0.000000000000000E+000
   0.000000000000000E+000
   0.000000000000000E+000
   6.643802423032334E-003
   0.000000000000000E+000
   0.000000000000000E+000
   0.000000000000000E+000
   0.000000000000000E+000
   0.000000000000000E+000
   2.298541627717570E-002
   0.000000000000000E+000
   0.000000000000000E+000
   0.000000000000000E+000
   0.000000000000000E+000
   0.000000000000000E+000
   0.000000000000000E+000
   0.000000000000000E+000
   0.000000000000000E+000
   0.000000000000000E+000
   0.000000000000000E+000
   0.000000000000000E+000
   0.000000000000000E+000
   0.000000000000000E+000
   0.000000000000000E+000
  -5.723643136426495E-003
   0.000000000000000E+000
   0.000000000000000E+000
   0.000000000000000E+000
   0.000000000000000E+000
   0.000000000000000E+000
   1.198047412757251E-002
   0.000000000000000E+000
   0.000000000000000E+000
   0.000000000000000E+000
   0.000000000000000E+000
   0.000000000000000E+000
   0.000000000000000E+000
   0.000000000000000E+000
   0.000000000000000E+000
   0.000000000000000E+000
   0.000000000000000E+000
   0.000000000000000E+000
   0.000000000000000E+000
   0.000000000000000E+000
   0.000000000000000E+000
  -2.108468331803626E-003
   0.000000000000000E+000
   0.000000000000000E+000
   0.000000000000000E+000
   0.000000000000000E+000
   0.000000000000000E+000
   0.000000000000000E+000
   2.600045426125227E-003
  -1.310613604553002E-002
  -3.296767991952619E-002
  -1.882501775627690E-002
  -2.036995873781830E-002
   0.000000000000000E+000
   0.000000000000000E+000
   3.961246683267722E-003
   0.000000000000000E+000
   0.000000000000000E+000
  -2.987173570178135E-002
   0.000000000000000E+000
   0.000000000000000E+000
  -3.453749047409597E-003
   2.271643405745147E-003
  -1.044107085424809E-004
   0.000000000000000E+000
  -3.391838176747500E-002
  -1.453600091712171E-002
   1.668539833746118E-002
   8.821580365157783E-003
  -1.470459338175200E-002
  -3.191243548305402E-003
   2.191365222470157E-001
   9.298814490441173E-003
   2.532313271545349E-003
  -1.181819174730734E-002
   1.321192979140702E-002
   0.000000000000000E+000
   0.000000000000000E+000
   1.347534753051547E-003
   0.000000000000000E+000
   0.000000000000000E+000
   8.765950425628109E-003
   0.000000000000000E+000
   0.000000000000000E+000
   3.085765234778309E-002
  -1.882764140645797E-002
   2.890408493084947E-002
   0.000000000000000E+000
  -6.576662880717118E-003
  -1.131876878951621E-002
   1.784396651730986E-003
  -2.168423262712963E-003
  -1.120102920409936E-002
  -3.828014759687935E-003
   1.378060539025379E-002
   1.538666473979019E-001
   0.000000000000000E+000
   0.000000000000000E+000
   0.000000000000000E+000
   0.000000000000000E+000
   0.000000000000000E+000
   0.000000000000000E+000
   0.000000000000000E+000
   0.000000000000000E+000
   0.000000000000000E+000
   0.000000000000000E+000
   0.000000000000000E+000
   0.000000000000000E+000
  -2.966205893457848E-003
   0.000000000000000E+000
   0.000000000000000E+000
   0.000000000000000E+000
   0.000000000000000E+000
   0.000000000000000E+000
   0.000000000000000E+000
   0.000000000000000E+000
   0.000000000000000E+000
   0.000000000000000E+000
   0.000000000000000E+000
   0.000000000000000E+000
   8.666889583830496E-002
   0.000000000000000E+000
   0.000000000000000E+000
   0.000000000000000E+000
   0.000000000000000E+000
   0.000000000000000E+000
   0.000000000000000E+000
   0.000000000000000E+000
   0.000000000000000E+000
   0.000000000000000E+000
   0.000000000000000E+000
   0.000000000000000E+000
   0.000000000000000E+000
  -1.659497233843146E-002
   0.000000000000000E+000
   0.000000000000000E+000
   0.000000000000000E+000
   0.000000000000000E+000
   0.000000000000000E+000
   0.000000000000000E+000
   0.000000000000000E+000
   0.000000000000000E+000
   0.000000000000000E+000
   0.000000000000000E+000
   0.000000000000000E+000
   0.000000000000000E+000
   3.156850992130775E-002
   0.000000000000000E+000
   0.000000000000000E+000
   0.000000000000000E+000
   0.000000000000000E+000
   0.000000000000000E+000
   0.000000000000000E+000
   0.000000000000000E+000
   0.000000000000000E+000
   0.000000000000000E+000
   0.000000000000000E+000
   0.000000000000000E+000
   0.000000000000000E+000
   0.000000000000000E+000
   1.017676981798321E-002
   0.000000000000000E+000
   0.000000000000000E+000
   0.000000000000000E+000
   0.000000000000000E+000
   0.000000000000000E+000
   0.000000000000000E+000
   0.000000000000000E+000
   0.000000000000000E+000
   0.000000000000000E+000
   0.000000000000000E+000
   0.000000000000000E+000
   0.000000000000000E+000
   1.434361063345352E-001
   0.000000000000000E+000
   0.000000000000000E+000
   0.000000000000000E+000
   0.000000000000000E+000
   0.000000000000000E+000
   0.000000000000000E+000
   0.000000000000000E+000
   0.000000000000000E+000
   0.000000000000000E+000
   0.000000000000000E+000
   0.000000000000000E+000
   0.000000000000000E+000
   0.000000000000000E+000
   2.573864663112395E-002
   0.000000000000000E+000
   0.000000000000000E+000
   0.000000000000000E+000
   0.000000000000000E+000
   0.000000000000000E+000
   0.000000000000000E+000
   0.000000000000000E+000
   0.000000000000000E+000
   0.000000000000000E+000
   0.000000000000000E+000
   0.000000000000000E+000
   0.000000000000000E+000
   0.000000000000000E+000
   7.581582057696142E-002
   0.000000000000000E+000
   0.000000000000000E+000
   0.000000000000000E+000
   0.000000000000000E+000
   0.000000000000000E+000
   0.000000000000000E+000
   0.000000000000000E+000
   0.000000000000000E+000
   0.000000000000000E+000
   0.000000000000000E+000
   0.000000000000000E+000
   0.000000000000000E+000
   0.000000000000000E+000
   0.000000000000000E+000
  -1.663951177176780E-002
   0.000000000000000E+000
   0.000000000000000E+000
   0.000000000000000E+000
   0.000000000000000E+000
   0.000000000000000E+000
   0.000000000000000E+000
   0.000000000000000E+000
   0.000000000000000E+000
   0.000000000000000E+000
   0.000000000000000E+000
   0.000000000000000E+000
   0.000000000000000E+000
   0.000000000000000E+000
   3.877263625168378E-002
   0.000000000000000E+000
   0.000000000000000E+000
   0.000000000000000E+000
   0.000000000000000E+000
   0.000000000000000E+000
   0.000000000000000E+000
   0.000000000000000E+000
   0.000000000000000E+000
   0.000000000000000E+000
   0.000000000000000E+000
   0.000000000000000E+000
   0.000000000000000E+000
   0.000000000000000E+000
   0.000000000000000E+000
  -5.929963071040445E-003
   0.000000000000000E+000
   0.000000000000000E+000
   0.000000000000000E+000
   0.000000000000000E+000
   0.000000000000000E+000
   0.000000000000000E+000
   0.000000000000000E+000
   0.000000000000000E+000
   0.000000000000000E+000
   0.000000000000000E+000
   0.000000000000000E+000
   0.000000000000000E+000
   0.000000000000000E+000
   0.000000000000000E+000
   6.666352327412408E-003
  -3.549560917550794E-002
  -1.018589548515667E-001
  -4.503139095141915E-002
  -5.855438876454373E-002
   0.000000000000000E+000
   0.000000000000000E+000
   1.442799479869927E-002
   0.000000000000000E+000
   0.000000000000000E+000
  -9.476118367899711E-002
   0.000000000000000E+000
   0.000000000000000E+000
  -1.451105609453398E-002
   1.179692143565643E-002
  -7.273099677041896E-003
   0.000000000000000E+000
   0.000000000000000E+000
   0.000000000000000E+000
   0.000000000000000E+000
   0.000000000000000E+000
   0.000000000000000E+000
   0.000000000000000E+000
   0.000000000000000E+000
   0.000000000000000E+000
  -1.061559118207196E-001
  -3.866651262951407E-002
   5.504938975379287E-002
   2.909737835960690E-002
  -4.758875519854808E-002
  -8.182146989366073E-003
   6.540830057616134E-001
   2.387123837392545E-002
   5.886796792171282E-003
  -2.822556717802086E-002
   3.528070375627108E-002
   0.000000000000000E+000
   0.000000000000000E+000
   4.928507720828047E-003
   0.000000000000000E+000
   0.000000000000000E+000
   2.468336160961160E-002
   0.000000000000000E+000
   0.000000000000000E+000
   9.679348233766444E-002
  -5.567401072194943E-002
   7.931487429162369E-002
   0.000000000000000E+000
   0.000000000000000E+000
   0.000000000000000E+000
   0.000000000000000E+000
   0.000000000000000E+000
   0.000000000000000E+000
   0.000000000000000E+000
   0.000000000000000E+000
   0.000000000000000E+000
  -2.320981261787995E-002
  -3.102914642160884E-002
   5.157768152760241E-003
  -6.556415652105086E-003
  -3.273206318758582E-002
  -1.010278307440751E-002
   4.532193883866113E-002
   4.056900270535743E-001
       11.345688382741701
        2.819864112481971
        3.995547178693020
  -2.630431761913442E-001
        1.420375892794121
        7.081971008705844
        1.195904582046444
        1.407356717999838
        1.980367695271073
       13.589782977298441
        1.837656341662293
        1.654103187173728
   9.229322418562430E-001
        1.572605949877603
        6.872961587722632
        2.587640015495756
        1.991375445933676
        1.077168687973489
       -3.981022232604158
        4.761250135128026
       18.502754693022098
  -1.821203642471200E-001
  -4.484358527675829E-001
  -7.008721516175942E-001
  -5.806441927071236E-001
  -5.232947537370370E-001
       -1.068239835662739
        6.846025186304001
  -4.706286109581426E-002
  -3.298826080661156E-001
  -4.242477673141850E-001
  -3.106900637923987E-001
  -5.196237185522268E-001
  -7.092716323577829E-001
   9.657241898017820E-001
        2.772208583015562
       -1.145133549200826
  -1.286056237600986E-001
   1.784585080361575E-001
  -7.615525309486679E-001
  -2.430325639520122E-001
   5.290166070463018E-001
  -1.247823285441581E-001
   5.083993213551425E-001
        6.691863241712256
        1.653127757616505
        1.587267851843966
        1.556952019785151
        1.814304556423350
        2.086801505548413
        2.972208583067937
  -8.972386785849624E-001
  -5.379877760855850E-001
  -5.647800024336909E-001
        6.198322772019190
        1.702315414859868
        1.575168787399141
   6.770422727764405E-001
        3.525966100727055
        1.234895234271754
  -5.025985864321059E-001
  -8.012328649484114E-002
  -2.381973302356928E-001
  -4.675262693330882E-001
  -7.961414703936851E-001
       12.249871036477829
        1.467727417777376
   9.672068112848954E-001
   3.805446111741071E-001
        3.799777561980486
   9.603787386473952E-001
        1.208533554926074
   1.067669576120620E-001
   4.195115312874387E-001
  -5.768876192535030E-001
       -3.526198749160097
       13.201596170411147
       57.018785144508769
        9.731198076694236
        2.137240488420089
       -5.140187921503778
      -12.808945072578798
        2.481346066870242
       13.095569201714209
   2.596196220048662E-001
   3.727360282313873E-002
  -3.107457027911344E-001
   3.583867410725338E-001
       -1.981775169385955
       -1.725319713076122
       40.969688106354738
       -1.886877955176305
  -5.319001419575982E-001
        1.188085192548485
   2.783591957933007E-002
  -2.146085966315414E-001
  -6.067329185126860E-001
   8.249014856105252E-001
   1.434503619252062E-001
  -5.737945466673730E-001
   2.748221605587505E-001
   1.066610070011204E-001
  -3.304729697813044E-001
       -4.930510393643939
        7.432200728597582
        7.877992139303908
        1.809361681700255
       -5.162085137376565
   2.855039710756169E-001
  -5.426816737940505E-003
       -1.775162798759561
        1.211294017967620
   3.395946099647323E-001
  -4.149917668001858E-001
       -6.273790776878867
       10.342829406721652
       18.708295196408049
       16.911882488847048
       -5.259516736738855
       39.843351188623686
       -5.362706994631162
       -1.153577051598407
        3.110548188348373
        2.615452292080669
  -4.187623278001334E-001
       -1.724860026937550
   6.786847214563482E-002
   1.091368192003214E-002
  -8.243849940321432E-002
   6.032443521232819E-001
  -3.180373893798855E-001
  -6.767194441327355E-001
      -15.289352721851195
        3.805456834515698
      -13.509772344749093
       10.425601968303271
        2.781140953845068
        2.818193499500618
        2.749067402755712
        3.615779216912485
        1.921491052201842
        2.053167855310056
  -7.108485538412112E-001
  -4.513549649989300E-001
  -4.226424329718267E-001
        2.965483682167692
        1.061838952463578
  -3.131574358457612E-003
   5.923665714516855E-001
   9.625375505690577E-002
  -8.808072450617201E-001
  -3.086338109495516E-001
       47.187406675348285
        4.380252224020397
        3.292523934247412
        2.875093884048212
   6.111132129742926E-001
        2.237229243377317
        4.501402850334355
  -9.722588732693865E-001
  -5.350247201558450E-001
  -3.029998450501057E-001
        2.867538189727165
   1.806296995027489E-001
  -8.340456470785185E-001
        7.334002480583809
  -2.280702350978314E-001
   1.331532431206650E-002
       -2.374932466912310
       32.893520489407706
      106.333396610525639
  -6.544725358456290E-001
  -7.571357635243443E-001
  -9.319223051747452E-001
  -9.913683723572091E-001
  -5.936572652869823E-001
  -5.735038266725666E-001
   7.970588348529165E-001
   1.396256958574216E-001
   1.353762323011503E-001
       -1.059412497249512
  -3.505560585136320E-001
   4.794058576042280E-003
   1.657921594421882E-001
  -1.452482433941023E-001
   5.014113359937775E-001
  -9.875103210337093E-002
       -7.618094707450877
       -3.959707791957988
       23.629595494336805
  -9.860884954345356E-001
  -8.683500363651573E-001
  -1.000740604578847E-001
  -1.065079784245980E-001
  -6.941809220751546E-001
       -1.097066184067684
   1.664180026588011E-001
   1.045132004750904E-001
   2.687125742386012E-001
       -1.564401430039569
  -3.733053499864576E-001
   9.277186418126158E-002
       -1.451369767733339
       -1.265873713992698
  -3.126058112064956E-002
   2.973071249251303E-001
       -2.344209476415490
   8.629575539877599E-002
        6.533952528728216
       43.488526755541969
        2.886586667574565
        2.986750918718232
        2.752640259176432
        4.469057322172204
        1.451964683348295
  -5.310749293122847E-001
       -1.250361574967498
  -3.460020940229322E-001
  -4.911893301572895E-001
   9.112298609530030E-001
        4.959350773461630
        6.737323223771526
       -1.239286326457693
   1.932852199193596E-001
        8.831662421731517
       -1.501901984212076
       15.271248295397397
       23.157702153901877
       -5.895325012746517
        1.125096516277568
       87.043745778730141
        3.590593590892090
        2.586701582352430
   5.580874566133087E-001
        5.132700348478096
        1.464035989940460
  -4.862664111230175E-001
       -1.246178129812461
  -2.195380419434624E-001
  -7.111029428267994E-001
   4.067943767634141E-001
        7.518966106964718
       11.195772083425712
        3.094151815528375
   1.702756615037221E-001
       18.225789123943159
       -4.514815208025090
       12.832709339213531
        8.252172155849884
       -6.910118146189387
       -3.442873547769413
       61.760715101499514
      385.564234874703800
        3.043832191240888
        2.272669666747794
        1.703563502298608
        2.603027690659644
        1.585869020709507
        1.558928569182357
  -6.539261453117915E-001
  -3.567623316953830E-001
  -3.597559993014431E-001
        2.506606508169253
        1.274772188245776
   7.297956100247921E-001
        1.309445729217553
  -4.399267254641596E-001
        1.102348205896850
  -9.812464708971439E-001
       13.721176738717293
       16.408498253137243
       -3.943465761103068
       -2.942415072059630
       11.908197720936164
       16.856311632165351
       15.880819349718118
       -3.937338816658338
  -7.793060055276801E-001
        2.961096166316842
        1.643657747959187
  -6.225941732754937E-001
       -2.212790886368672
   1.615026898924592E-001
  -9.515734773756461E-002
   2.208258213705586E-001
   8.780770952989441E-001
       -1.311059344534490
       -2.643506176199781
      -11.685996887782983
        2.976041419251865
      -10.983103809662676
        6.044852155930585
        5.924120105163215
        9.687900909745679
   4.800593398922899E-002
       -1.074297220987824
        4.901100110087677
   2.596868581462662E-001
   9.006168768464916E-001
       19.098495233071716
        2.729808037755167
        2.772681015028886
        2.513163492030212
        4.097499496854183
        1.810242393727660
        1.382226454412483
  -7.133113189245046E-001
  -4.448077835937612E-001
  -4.767340681342648E-001
        2.740762086038918
        1.850451980365718
        1.421849284755657
  -3.245725507430850E-001
   3.031519176136315E-001
   6.726996878187275E-001
  -3.630478359347254E-001
        3.282524659430657
        3.058588992742077
       -1.032561571484528
       -1.113746804195237
        3.563791237731969
        3.730810604645557
        2.679968986417048
  -7.991121259358924E-002
       15.560728365306620
        4.139391992682955
        3.206131798785479
        2.663093576532944
  -5.607980541591666E-001
        2.506176635294525
        5.819458466226743
  -9.511694908265216E-001
  -5.254323854668778E-001
  -3.861125751798493E-001
        3.514520617286164
  -4.134976727083014E-001
       -2.079381348003765
        9.605139933346635
   5.463419538349923E-002
  -7.721056521326775E-001
       -2.654347412681171
        3.597170472889076
        5.450937680899898
       -1.076863867958720
       -1.583689071169057
        1.928130002307248
        1.992015471094813
        2.837931100331479
       -1.636155336569155
        9.591919577970300
       37.074129557516628
       -1.004059793879885
  -7.214935313635058E-001
  -5.704844222122072E-001
  -8.235419183089139E-001
  -5.830495567118598E-001
  -5.018361797599218E-001
        1.071436924019866
   1.220114956115345E-001
   2.060299557363337E-001
       -1.056170549510566
  -5.976220192350867E-001
  -4.285755213998475E-001
   9.136615516554780E-002
  -5.591954463801919E-001
  -7.104644910478530E-002
  -1.042926842241620E-002
  -9.906853644113258E-001
  -9.822603113127433E-001
   3.135732040712009E-001
   4.296054874291895E-001
       -1.078352183007271
       -1.169738044185150
  -7.865382827088981E-001
  -6.269209488709970E-002
       -1.381902185650604
       -1.911368955304185
        7.466188646368957
       -1.548366687976903
  -4.377217469992010E-001
  -1.568127453148627E-002
       -1.117211650569811
  -6.073775152323007E-001
  -6.408808626053424E-001
   9.147133045449662E-002
   7.986521267080263E-002
   3.603929017830882E-001
       -1.414191637611118
  -4.728767557032130E-001
  -6.523442759576270E-002
  -5.225601649466030E-001
       -1.925120107431217
   1.322481661504677E-001
   4.699310128026912E-002
       -1.022972098745092
       -1.111154727212221
   3.315471546445852E-001
   7.638609220479713E-001
  -9.777377346510754E-001
       -1.206974365145607
  -7.834949647388146E-001
   1.233994350258039E-002
       -1.309515749198756
  -1.627058130941625E-001
        2.057836815275542
       14.087834019264411
        3.938052828214247
        2.716286421897169
        2.056398888685108
        4.969094528988444
        1.390667631185196
  -9.863956325838701E-001
       -1.062600716557179
  -3.469448715384675E-001
  -5.548730158756326E-001
   9.374080572125635E-001
        5.358160521803324
        7.446256878265029
       -1.608095220756009
   2.883963477618926E-001
        9.844548963568149
       -1.758436291196707
        2.854912761320514
        2.063369282587570
  -9.100175055200428E-001
  -9.925935457018260E-001
        6.514362887544909
        8.781030786141436
        2.693324252391992
       -1.309296746509526
        7.628265880067413
        5.636650247825883
       -3.324112351237668
       -3.327367466623322
       31.351089514500895
        3.718557524882152
        3.494234946933004
        2.245066799847301
        6.342434744824788
        1.150703171555154
       -2.349270369489286
   4.085246543333011E-001
  -2.893813621785757E-001
  -4.991630797058980E-001
  -7.679519306441802E-001
        6.907555849298035
        9.670826516133886
       -2.409609442328670
   1.155312858065296E-001
       14.314202633620486
       -2.393094221532823
        2.661621325614940
        2.008300458941234
  -8.261912916878837E-001
  -7.790463093012946E-001
        7.941957840163957
       11.200188283875834
        2.742896972191257
       -1.814399773066344
        7.764439830145200
       16.952164257934655
       -1.971130390384211
        3.489521132647959
       22.380953838751974
      166.380158043869045
        2.919179940292222
        2.398762922357008
        1.422055900223539
        2.710755760915190
        1.606303823814934
        1.570802070393725
  -7.866114179156156E-001
  -3.500417822998323E-001
  -4.049078571881106E-001
        2.326504877909077
        1.629437815726807
        1.375427096436422
        1.844217860313504
  -4.502717320869193E-001
        2.282114166847597
       -1.355089169733995
        2.658550573189490
        2.806932586715013
  -8.006664546961106E-001
  -8.732498464763241E-001
        2.962948070140730
        3.463570007472967
        2.274539463232730
  -9.039756613181922E-001
        5.675810351161300
        5.774297907811650
       -1.830971582606170
       -1.737599900757438
        5.052045322102211
        7.171624361186091
        6.834063546123089
       -4.491712932790852
  -6.399196839874024E-001
        3.050780919178695
        2.108479983426860
  -7.412729059114735E-001
       -2.842921934984029
  -1.711272673244068E-001
  -1.082336947486302E-001
   2.466495288012582E-001
   8.122999705342075E-001
       -1.302134018419866
       -2.733115512548873
      -13.762891501086074
        3.266961642307755
      -12.113004842510964
        6.873639000148454
  -1.046434385046642E-002
       -1.787136864271218
  -1.725116605667838E-001
   2.310225735371471E-001
       -1.038799205547628
       -3.857616935791390
  -6.588953737102365E-001
        5.471087407079217
        1.183256832085068
   3.012133704549083E-001
  -5.122419068395636E-001
  -2.131967910692040E-001
        1.697436227959543
        4.073743638836177
  -9.032133398124684E-001
       12.303793358666754
