   6.561501912000665E-003
           3
          18
          38
   8.229538539169701E-001
   0.000000000000000E+000
   0.000000000000000E+000
   0.000000000000000E+000
   0.000000000000000E+000
   0.000000000000000E+000
   0.000000000000000E+000
   0.000000000000000E+000
   0.000000000000000E+000
   0.000000000000000E+000
   0.000000000000000E+000
   0.000000000000000E+000
   0.000000000000000E+000
   0.000000000000000E+000
   0.000000000000000E+000
   5.772019196745973E-001
   0.000000000000000E+000
   0.000000000000000E+000
   0.000000000000000E+000
   0.000000000000000E+000
   0.000000000000000E+000
   0.000000000000000E+000
   0.000000000000000E+000
   0.000000000000000E+000
   0.000000000000000E+000
   0.000000000000000E+000
   0.000000000000000E+000
   0.000000000000000E+000
   0.000000000000000E+000
   0.000000000000000E+000
   0.000000000000000E+000
   0.000000000000000E+000
   0.000000000000000E+000
   0.000000000000000E+000
   0.000000000000000E+000
   0.000000000000000E+000
   0.000000000000000E+000
   0.000000000000000E+000
   0.000000000000000E+000
   8.229538539169701E-001
   0.000000000000000E+000
   0.000000000000000E+000
   0.000000000000000E+000
   0.000000000000000E+000
   0.000000000000000E+000
   0.000000000000000E+000
   0.000000000000000E+000
   0.000000000000000E+000
   0.000000000000000E+000
   0.000000000000000E+000
   0.000000000000000E+000
   0.000000000000000E+000
   0.000000000000000E+000
   8.640224100749390E-002
   0.000000000000000E+000
   0.000000000000000E+000
   0.000000000000000E+000
   0.000000000000000E+000
   0.000000000000000E+000
   0.000000000000000E+000
   0.000000000000000E+000
   0.000000000000000E+000
   0.000000000000000E+000
   0.000000000000000E+000
   0.000000000000000E+000
   0.000000000000000E+000
   0.000000000000000E+000
   0.000000000000000E+000
   0.000000000000000E+000
   0.000000000000000E+000
   0.000000000000000E+000
   0.000000000000000E+000
   0.000000000000000E+000
   0.000000000000000E+000
   0.000000000000000E+000
   0.000000000000000E+000
   0.000000000000000E+000
   0.000000000000000E+000
   8.229538539169701E-001
   0.000000000000000E+000
   0.000000000000000E+000
   0.000000000000000E+000
   0.000000000000000E+000
   0.000000000000000E+000
   0.000000000000000E+000
   0.000000000000000E+000
   0.000000000000000E+000
   0.000000000000000E+000
   0.000000000000000E+000
   0.000000000000000E+000
   0.000000000000000E+000
  -4.602739871531579E-001
   0.000000000000000E+000
   0.000000000000000E+000
   0.000000000000000E+000
   0.000000000000000E+000
   0.000000000000000E+000
   0.000000000000000E+000
   0.000000000000000E+000
   0.000000000000000E+000
   0.000000000000000E+000
   0.000000000000000E+000
   0.000000000000000E+000
   0.000000000000000E+000
   0.000000000000000E+000
   0.000000000000000E+000
   0.000000000000000E+000
   0.000000000000000E+000
   0.000000000000000E+000
   0.000000000000000E+000
   0.000000000000000E+000
   0.000000000000000E+000
   0.000000000000000E+000
   0.000000000000000E+000
   0.000000000000000E+000
   0.000000000000000E+000
   0.000000000000000E+000
   7.743417682608497E-001
   0.000000000000000E+000
   0.000000000000000E+000
   0.000000000000000E+000
   0.000000000000000E+000
   0.000000000000000E+000
   0.000000000000000E+000
   0.000000000000000E+000
   0.000000000000000E+000
   4.634706385144827E-001
   0.000000000000000E+000
   0.000000000000000E+000
   5.756214832370392E-001
   0.000000000000000E+000
   0.000000000000000E+000
   0.000000000000000E+000
   0.000000000000000E+000
   0.000000000000000E+000
   0.000000000000000E+000
   0.000000000000000E+000
   0.000000000000000E+000
   0.000000000000000E+000
   0.000000000000000E+000
   0.000000000000000E+000
   0.000000000000000E+000
   0.000000000000000E+000
   0.000000000000000E+000
   0.000000000000000E+000
   0.000000000000000E+000
   0.000000000000000E+000
   0.000000000000000E+000
   0.000000000000000E+000
   0.000000000000000E+000
   0.000000000000000E+000
   0.000000000000000E+000
   0.000000000000000E+000
   0.000000000000000E+000
   0.000000000000000E+000
   0.000000000000000E+000
   7.743417682608497E-001
   0.000000000000000E+000
   0.000000000000000E+000
   0.000000000000000E+000
   0.000000000000000E+000
   0.000000000000000E+000
   0.000000000000000E+000
   0.000000000000000E+000
  -1.045407958832374E-001
   0.000000000000000E+000
   0.000000000000000E+000
  -1.298376272075523E-001
   0.000000000000000E+000
   0.000000000000000E+000
   0.000000000000000E+000
   0.000000000000000E+000
   0.000000000000000E+000
   0.000000000000000E+000
   0.000000000000000E+000
   0.000000000000000E+000
   0.000000000000000E+000
   0.000000000000000E+000
   0.000000000000000E+000
   0.000000000000000E+000
   0.000000000000000E+000
   0.000000000000000E+000
   0.000000000000000E+000
   0.000000000000000E+000
   0.000000000000000E+000
   0.000000000000000E+000
   0.000000000000000E+000
   0.000000000000000E+000
   0.000000000000000E+000
   0.000000000000000E+000
   0.000000000000000E+000
   0.000000000000000E+000
   0.000000000000000E+000
   0.000000000000000E+000
   0.000000000000000E+000
   7.743417682608497E-001
   0.000000000000000E+000
   0.000000000000000E+000
   0.000000000000000E+000
   0.000000000000000E+000
   0.000000000000000E+000
   0.000000000000000E+000
  -5.477858508131087E-001
   0.000000000000000E+000
   0.000000000000000E+000
  -6.803393305603155E-001
   0.000000000000000E+000
   0.000000000000000E+000
   0.000000000000000E+000
   0.000000000000000E+000
   0.000000000000000E+000
   0.000000000000000E+000
   0.000000000000000E+000
   0.000000000000000E+000
   0.000000000000000E+000
   0.000000000000000E+000
   0.000000000000000E+000
   0.000000000000000E+000
   0.000000000000000E+000
   0.000000000000000E+000
   0.000000000000000E+000
   0.000000000000000E+000
   0.000000000000000E+000
   0.000000000000000E+000
   0.000000000000000E+000
   0.000000000000000E+000
   0.000000000000000E+000
   0.000000000000000E+000
   0.000000000000000E+000
   0.000000000000000E+000
   0.000000000000000E+000
   0.000000000000000E+000
   0.000000000000000E+000
   0.000000000000000E+000
   9.632832170357466E-001
   0.000000000000000E+000
   0.000000000000000E+000
   0.000000000000000E+000
   0.000000000000000E+000
   0.000000000000000E+000
   0.000000000000000E+000
  -3.161806036789435E-001
   0.000000000000000E+000
   1.339393676697696E-001
   0.000000000000000E+000
   0.000000000000000E+000
   0.000000000000000E+000
   0.000000000000000E+000
   0.000000000000000E+000
   0.000000000000000E+000
   0.000000000000000E+000
   0.000000000000000E+000
   0.000000000000000E+000
   0.000000000000000E+000
   0.000000000000000E+000
   0.000000000000000E+000
   0.000000000000000E+000
   0.000000000000000E+000
   0.000000000000000E+000
   0.000000000000000E+000
   0.000000000000000E+000
   0.000000000000000E+000
   0.000000000000000E+000
   0.000000000000000E+000
   0.000000000000000E+000
   0.000000000000000E+000
   0.000000000000000E+000
   0.000000000000000E+000
   0.000000000000000E+000
   0.000000000000000E+000
   0.000000000000000E+000
   0.000000000000000E+000
   0.000000000000000E+000
   9.632832170357466E-001
   0.000000000000000E+000
   0.000000000000000E+000
   0.000000000000000E+000
   0.000000000000000E+000
   0.000000000000000E+000
  -7.799517090787707E-002
   0.000000000000000E+000
   3.304005290376505E-002
   0.000000000000000E+000
   0.000000000000000E+000
   0.000000000000000E+000
   0.000000000000000E+000
   0.000000000000000E+000
   0.000000000000000E+000
   0.000000000000000E+000
   0.000000000000000E+000
   0.000000000000000E+000
   0.000000000000000E+000
   0.000000000000000E+000
   0.000000000000000E+000
   0.000000000000000E+000
   0.000000000000000E+000
   0.000000000000000E+000
   0.000000000000000E+000
   0.000000000000000E+000
   0.000000000000000E+000
   0.000000000000000E+000
   0.000000000000000E+000
   0.000000000000000E+000
   0.000000000000000E+000
   0.000000000000000E+000
   0.000000000000000E+000
   0.000000000000000E+000
   0.000000000000000E+000
   0.000000000000000E+000
   0.000000000000000E+000
   0.000000000000000E+000
   0.000000000000000E+000
   9.632832170357466E-001
   0.000000000000000E+000
   0.000000000000000E+000
   0.000000000000000E+000
   0.000000000000000E+000
   2.424141002865798E-001
   0.000000000000000E+000
  -1.026906487267957E-001
   0.000000000000000E+000
   0.000000000000000E+000
   0.000000000000000E+000
   0.000000000000000E+000
   0.000000000000000E+000
   0.000000000000000E+000
   0.000000000000000E+000
   0.000000000000000E+000
   0.000000000000000E+000
   0.000000000000000E+000
   0.000000000000000E+000
   0.000000000000000E+000
   0.000000000000000E+000
   0.000000000000000E+000
   0.000000000000000E+000
   0.000000000000000E+000
   0.000000000000000E+000
   0.000000000000000E+000
   0.000000000000000E+000
   0.000000000000000E+000
   0.000000000000000E+000
   0.000000000000000E+000
   0.000000000000000E+000
   0.000000000000000E+000
   0.000000000000000E+000
   0.000000000000000E+000
   0.000000000000000E+000
   0.000000000000000E+000
   0.000000000000000E+000
   0.000000000000000E+000
   0.000000000000000E+000
   7.808147104897897E-001
   0.000000000000000E+000
   0.000000000000000E+000
   0.000000000000000E+000
   0.000000000000000E+000
   2.314889263465421E-001
   2.815143439882131E-001
   0.000000000000000E+000
   0.000000000000000E+000
   0.000000000000000E+000
   0.000000000000000E+000
   0.000000000000000E+000
   0.000000000000000E+000
   0.000000000000000E+000
   0.000000000000000E+000
   0.000000000000000E+000
   0.000000000000000E+000
   0.000000000000000E+000
   0.000000000000000E+000
   0.000000000000000E+000
   0.000000000000000E+000
   0.000000000000000E+000
   0.000000000000000E+000
   0.000000000000000E+000
   0.000000000000000E+000
   0.000000000000000E+000
   0.000000000000000E+000
   0.000000000000000E+000
   0.000000000000000E+000
   0.000000000000000E+000
   0.000000000000000E+000
   0.000000000000000E+000
   0.000000000000000E+000
   0.000000000000000E+000
   0.000000000000000E+000
   0.000000000000000E+000
   0.000000000000000E+000
   0.000000000000000E+000
   0.000000000000000E+000
   7.808147104897897E-001
   0.000000000000000E+000
   0.000000000000000E+000
   0.000000000000000E+000
  -4.114831444488902E-001
  -5.004058263172588E-001
   0.000000000000000E+000
   0.000000000000000E+000
   0.000000000000000E+000
   0.000000000000000E+000
   0.000000000000000E+000
   0.000000000000000E+000
   0.000000000000000E+000
   0.000000000000000E+000
   0.000000000000000E+000
   0.000000000000000E+000
   0.000000000000000E+000
   0.000000000000000E+000
   0.000000000000000E+000
   0.000000000000000E+000
   0.000000000000000E+000
   0.000000000000000E+000
   0.000000000000000E+000
   0.000000000000000E+000
   0.000000000000000E+000
   0.000000000000000E+000
   0.000000000000000E+000
   0.000000000000000E+000
   0.000000000000000E+000
   0.000000000000000E+000
   0.000000000000000E+000
   0.000000000000000E+000
   0.000000000000000E+000
   0.000000000000000E+000
   0.000000000000000E+000
   0.000000000000000E+000
   0.000000000000000E+000
   0.000000000000000E+000
   0.000000000000000E+000
   7.808147104897897E-001
   0.000000000000000E+000
   0.000000000000000E+000
  -8.012780719339216E-001
  -9.744365500876483E-001
   0.000000000000000E+000
   0.000000000000000E+000
   0.000000000000000E+000
   0.000000000000000E+000
   0.000000000000000E+000
   0.000000000000000E+000
   0.000000000000000E+000
   0.000000000000000E+000
   0.000000000000000E+000
   0.000000000000000E+000
   0.000000000000000E+000
   0.000000000000000E+000
   0.000000000000000E+000
   0.000000000000000E+000
   0.000000000000000E+000
   0.000000000000000E+000
   0.000000000000000E+000
   0.000000000000000E+000
   0.000000000000000E+000
   0.000000000000000E+000
   0.000000000000000E+000
   0.000000000000000E+000
   0.000000000000000E+000
   0.000000000000000E+000
   0.000000000000000E+000
   0.000000000000000E+000
   0.000000000000000E+000
   0.000000000000000E+000
   0.000000000000000E+000
   0.000000000000000E+000
   0.000000000000000E+000
   0.000000000000000E+000
   0.000000000000000E+000
   0.000000000000000E+000
   1.820894260118291E-001
   0.000000000000000E+000
   0.000000000000000E+000
   4.815892673755978E-001
   0.000000000000000E+000
   0.000000000000000E+000
   0.000000000000000E+000
   0.000000000000000E+000
   0.000000000000000E+000
   0.000000000000000E+000
   0.000000000000000E+000
   0.000000000000000E+000
   0.000000000000000E+000
   0.000000000000000E+000
   0.000000000000000E+000
   0.000000000000000E+000
   0.000000000000000E+000
   0.000000000000000E+000
   0.000000000000000E+000
   0.000000000000000E+000
   0.000000000000000E+000
   0.000000000000000E+000
   0.000000000000000E+000
   0.000000000000000E+000
   0.000000000000000E+000
   0.000000000000000E+000
   0.000000000000000E+000
   0.000000000000000E+000
   0.000000000000000E+000
   0.000000000000000E+000
   0.000000000000000E+000
   0.000000000000000E+000
   0.000000000000000E+000
   0.000000000000000E+000
   0.000000000000000E+000
   0.000000000000000E+000
   0.000000000000000E+000
   0.000000000000000E+000
   0.000000000000000E+000
   3.505489338497631E-001
   0.000000000000000E+000
  -2.568822334484314E-001
   0.000000000000000E+000
   0.000000000000000E+000
   0.000000000000000E+000
   0.000000000000000E+000
   0.000000000000000E+000
   0.000000000000000E+000
   0.000000000000000E+000
   0.000000000000000E+000
   0.000000000000000E+000
   0.000000000000000E+000
   0.000000000000000E+000
   0.000000000000000E+000
   0.000000000000000E+000
   0.000000000000000E+000
   0.000000000000000E+000
   0.000000000000000E+000
   0.000000000000000E+000
   0.000000000000000E+000
   0.000000000000000E+000
   0.000000000000000E+000
   0.000000000000000E+000
   0.000000000000000E+000
   0.000000000000000E+000
   0.000000000000000E+000
   0.000000000000000E+000
   0.000000000000000E+000
   0.000000000000000E+000
   0.000000000000000E+000
   0.000000000000000E+000
   0.000000000000000E+000
   0.000000000000000E+000
   0.000000000000000E+000
   0.000000000000000E+000
   0.000000000000000E+000
  -8.605526351375145E-002
   3.904467413977296E-001
   0.000000000000000E+000
  -2.722786969875656E-001
   0.000000000000000E+000
   0.000000000000000E+000
   0.000000000000000E+000
   0.000000000000000E+000
   0.000000000000000E+000
   0.000000000000000E+000
   0.000000000000000E+000
   0.000000000000000E+000
   0.000000000000000E+000
   0.000000000000000E+000
   0.000000000000000E+000
   0.000000000000000E+000
   0.000000000000000E+000
   0.000000000000000E+000
   0.000000000000000E+000
   0.000000000000000E+000
   0.000000000000000E+000
   0.000000000000000E+000
   0.000000000000000E+000
   0.000000000000000E+000
   0.000000000000000E+000
   0.000000000000000E+000
   0.000000000000000E+000
   0.000000000000000E+000
   0.000000000000000E+000
   0.000000000000000E+000
   0.000000000000000E+000
   0.000000000000000E+000
   0.000000000000000E+000
   0.000000000000000E+000
   0.000000000000000E+000
   0.000000000000000E+000
   0.000000000000000E+000
   0.000000000000000E+000
   0.000000000000000E+000
   0.000000000000000E+000
   1.866941156069263E-001
   4.792455466088726E-001
   0.000000000000000E+000
   0.000000000000000E+000
   0.000000000000000E+000
   0.000000000000000E+000
   0.000000000000000E+000
   0.000000000000000E+000
   0.000000000000000E+000
   0.000000000000000E+000
   0.000000000000000E+000
   0.000000000000000E+000
   0.000000000000000E+000
   0.000000000000000E+000
   0.000000000000000E+000
   0.000000000000000E+000
   0.000000000000000E+000
   0.000000000000000E+000
   0.000000000000000E+000
   0.000000000000000E+000
   0.000000000000000E+000
   0.000000000000000E+000
   0.000000000000000E+000
   0.000000000000000E+000
   0.000000000000000E+000
   0.000000000000000E+000
   0.000000000000000E+000
   0.000000000000000E+000
   0.000000000000000E+000
   0.000000000000000E+000
   0.000000000000000E+000
   0.000000000000000E+000
   0.000000000000000E+000
   0.000000000000000E+000
   0.000000000000000E+000
   0.000000000000000E+000
   2.002482454505486E-001
   0.000000000000000E+000
   2.079427493226839E-001
   5.015841816818341E-001
   0.000000000000000E+000
   0.000000000000000E+000
   0.000000000000000E+000
   0.000000000000000E+000
   0.000000000000000E+000
   0.000000000000000E+000
   0.000000000000000E+000
   0.000000000000000E+000
   0.000000000000000E+000
   0.000000000000000E+000
   0.000000000000000E+000
   0.000000000000000E+000
   0.000000000000000E+000
   0.000000000000000E+000
   0.000000000000000E+000
   0.000000000000000E+000
   0.000000000000000E+000
   0.000000000000000E+000
   0.000000000000000E+000
   0.000000000000000E+000
   0.000000000000000E+000
   0.000000000000000E+000
   0.000000000000000E+000
   0.000000000000000E+000
   0.000000000000000E+000
   0.000000000000000E+000
   0.000000000000000E+000
   0.000000000000000E+000
   0.000000000000000E+000
   0.000000000000000E+000
   0.000000000000000E+000
   0.000000000000000E+000
   0.000000000000000E+000
   0.000000000000000E+000
   0.000000000000000E+000
   3.855073327729382E-001
  -8.823143477851994E-002
  -2.706058239465102E-001
   0.000000000000000E+000
   0.000000000000000E+000
   0.000000000000000E+000
   0.000000000000000E+000
   0.000000000000000E+000
   0.000000000000000E+000
   0.000000000000000E+000
   0.000000000000000E+000
   0.000000000000000E+000
   0.000000000000000E+000
   0.000000000000000E+000
   0.000000000000000E+000
   0.000000000000000E+000
   0.000000000000000E+000
   0.000000000000000E+000
   0.000000000000000E+000
   0.000000000000000E+000
   0.000000000000000E+000
   0.000000000000000E+000
   0.000000000000000E+000
   0.000000000000000E+000
   0.000000000000000E+000
   7.775720820402577E-001
   0.000000000000000E+000
   0.000000000000000E+000
   0.000000000000000E+000
   0.000000000000000E+000
   0.000000000000000E+000
   0.000000000000000E+000
   0.000000000000000E+000
   0.000000000000000E+000
   0.000000000000000E+000
   0.000000000000000E+000
   0.000000000000000E+000
   0.000000000000000E+000
   0.000000000000000E+000
   0.000000000000000E+000
   0.000000000000000E+000
   0.000000000000000E+000
   0.000000000000000E+000
   0.000000000000000E+000
   0.000000000000000E+000
   0.000000000000000E+000
   0.000000000000000E+000
   0.000000000000000E+000
   0.000000000000000E+000
   0.000000000000000E+000
  -7.775720820402577E-001
   4.586895219062065E-001
   0.000000000000000E+000
   0.000000000000000E+000
   0.000000000000000E+000
   0.000000000000000E+000
   0.000000000000000E+000
   0.000000000000000E+000
   0.000000000000000E+000
   0.000000000000000E+000
   0.000000000000000E+000
   0.000000000000000E+000
   0.000000000000000E+000
   0.000000000000000E+000
   7.775720820402577E-001
   0.000000000000000E+000
   0.000000000000000E+000
   0.000000000000000E+000
   0.000000000000000E+000
   0.000000000000000E+000
   0.000000000000000E+000
   0.000000000000000E+000
   0.000000000000000E+000
   0.000000000000000E+000
   0.000000000000000E+000
   0.000000000000000E+000
   0.000000000000000E+000
   0.000000000000000E+000
   0.000000000000000E+000
   0.000000000000000E+000
   0.000000000000000E+000
   0.000000000000000E+000
   0.000000000000000E+000
   0.000000000000000E+000
   0.000000000000000E+000
   0.000000000000000E+000
   0.000000000000000E+000
   0.000000000000000E+000
  -7.775720820402577E-001
   4.469004021940884E-002
   0.000000000000000E+000
   0.000000000000000E+000
   0.000000000000000E+000
   0.000000000000000E+000
   0.000000000000000E+000
   0.000000000000000E+000
   0.000000000000000E+000
   0.000000000000000E+000
   0.000000000000000E+000
   0.000000000000000E+000
   0.000000000000000E+000
   0.000000000000000E+000
   0.000000000000000E+000
   7.775720820402577E-001
   0.000000000000000E+000
   0.000000000000000E+000
   0.000000000000000E+000
   0.000000000000000E+000
   0.000000000000000E+000
   0.000000000000000E+000
   0.000000000000000E+000
   0.000000000000000E+000
   0.000000000000000E+000
   0.000000000000000E+000
   0.000000000000000E+000
   0.000000000000000E+000
   0.000000000000000E+000
   0.000000000000000E+000
   0.000000000000000E+000
   0.000000000000000E+000
   0.000000000000000E+000
   0.000000000000000E+000
   0.000000000000000E+000
   0.000000000000000E+000
   0.000000000000000E+000
   0.000000000000000E+000
  -7.775720820402577E-001
  -4.164424440634768E-001
   0.000000000000000E+000
   0.000000000000000E+000
   0.000000000000000E+000
   0.000000000000000E+000
   0.000000000000000E+000
   0.000000000000000E+000
   0.000000000000000E+000
   0.000000000000000E+000
   0.000000000000000E+000
   0.000000000000000E+000
   0.000000000000000E+000
   0.000000000000000E+000
   0.000000000000000E+000
   0.000000000000000E+000
   8.057576763177079E-001
   0.000000000000000E+000
   0.000000000000000E+000
   0.000000000000000E+000
   0.000000000000000E+000
   0.000000000000000E+000
   0.000000000000000E+000
   0.000000000000000E+000
   0.000000000000000E+000
   0.000000000000000E+000
   0.000000000000000E+000
   0.000000000000000E+000
   0.000000000000000E+000
   0.000000000000000E+000
   0.000000000000000E+000
   0.000000000000000E+000
   0.000000000000000E+000
   0.000000000000000E+000
   0.000000000000000E+000
   6.129589199038307E-001
   0.000000000000000E+000
   0.000000000000000E+000
  -7.323759390139943E-001
   3.588276738082914E-001
   0.000000000000000E+000
   0.000000000000000E+000
   0.000000000000000E+000
   0.000000000000000E+000
   0.000000000000000E+000
   0.000000000000000E+000
   0.000000000000000E+000
   0.000000000000000E+000
   0.000000000000000E+000
   0.000000000000000E+000
   0.000000000000000E+000
   0.000000000000000E+000
   0.000000000000000E+000
   0.000000000000000E+000
   0.000000000000000E+000
   0.000000000000000E+000
   0.000000000000000E+000
   0.000000000000000E+000
   0.000000000000000E+000
   0.000000000000000E+000
   0.000000000000000E+000
   0.000000000000000E+000
   0.000000000000000E+000
   0.000000000000000E+000
   0.000000000000000E+000
   0.000000000000000E+000
   0.000000000000000E+000
   8.057576763177079E-001
   0.000000000000000E+000
   0.000000000000000E+000
   0.000000000000000E+000
   0.000000000000000E+000
   0.000000000000000E+000
  -5.670458087555487E-002
   0.000000000000000E+000
   0.000000000000000E+000
  -7.323759390139943E-001
  -1.065666161926925E-001
   0.000000000000000E+000
   0.000000000000000E+000
   0.000000000000000E+000
   0.000000000000000E+000
   0.000000000000000E+000
   0.000000000000000E+000
   0.000000000000000E+000
   0.000000000000000E+000
   0.000000000000000E+000
   0.000000000000000E+000
   0.000000000000000E+000
   0.000000000000000E+000
   0.000000000000000E+000
   0.000000000000000E+000
   0.000000000000000E+000
   0.000000000000000E+000
   0.000000000000000E+000
   0.000000000000000E+000
   0.000000000000000E+000
   0.000000000000000E+000
   0.000000000000000E+000
   0.000000000000000E+000
   0.000000000000000E+000
   0.000000000000000E+000
   0.000000000000000E+000
   0.000000000000000E+000
   0.000000000000000E+000
   0.000000000000000E+000
   8.057576763177079E-001
   0.000000000000000E+000
   0.000000000000000E+000
   0.000000000000000E+000
   0.000000000000000E+000
  -5.180172762439365E-001
   0.000000000000000E+000
   0.000000000000000E+000
  -7.323759390139943E-001
  -4.271638924061030E-001
   0.000000000000000E+000
   0.000000000000000E+000
   0.000000000000000E+000
   0.000000000000000E+000
   0.000000000000000E+000
   0.000000000000000E+000
   0.000000000000000E+000
   0.000000000000000E+000
   0.000000000000000E+000
   0.000000000000000E+000
   0.000000000000000E+000
   0.000000000000000E+000
   0.000000000000000E+000
   0.000000000000000E+000
   0.000000000000000E+000
   0.000000000000000E+000
   0.000000000000000E+000
   9.871002301501471E-001
   0.000000000000000E+000
   0.000000000000000E+000
   0.000000000000000E+000
   0.000000000000000E+000
   0.000000000000000E+000
   0.000000000000000E+000
   0.000000000000000E+000
   0.000000000000000E+000
   0.000000000000000E+000
   0.000000000000000E+000
   0.000000000000000E+000
   0.000000000000000E+000
   0.000000000000000E+000
   0.000000000000000E+000
   0.000000000000000E+000
   0.000000000000000E+000
  -1.165703084615625E-001
   0.000000000000000E+000
   1.979854469681962E-001
   3.603224593752308E-002
   0.000000000000000E+000
   0.000000000000000E+000
   0.000000000000000E+000
   0.000000000000000E+000
   0.000000000000000E+000
   0.000000000000000E+000
   0.000000000000000E+000
   0.000000000000000E+000
   0.000000000000000E+000
   0.000000000000000E+000
   0.000000000000000E+000
   0.000000000000000E+000
   0.000000000000000E+000
   0.000000000000000E+000
   0.000000000000000E+000
   0.000000000000000E+000
   0.000000000000000E+000
   0.000000000000000E+000
   0.000000000000000E+000
   0.000000000000000E+000
   0.000000000000000E+000
   0.000000000000000E+000
   0.000000000000000E+000
   0.000000000000000E+000
   0.000000000000000E+000
   0.000000000000000E+000
   0.000000000000000E+000
   0.000000000000000E+000
   0.000000000000000E+000
   9.871002301501471E-001
   0.000000000000000E+000
   0.000000000000000E+000
   0.000000000000000E+000
   0.000000000000000E+000
   4.518311549919800E-002
   0.000000000000000E+000
   1.979854469681962E-001
   1.122604237860983E-002
   0.000000000000000E+000
   0.000000000000000E+000
   0.000000000000000E+000
   0.000000000000000E+000
   0.000000000000000E+000
   0.000000000000000E+000
   0.000000000000000E+000
   0.000000000000000E+000
   0.000000000000000E+000
   0.000000000000000E+000
   0.000000000000000E+000
   0.000000000000000E+000
   0.000000000000000E+000
   0.000000000000000E+000
   0.000000000000000E+000
   0.000000000000000E+000
   0.000000000000000E+000
   0.000000000000000E+000
   0.000000000000000E+000
   0.000000000000000E+000
   0.000000000000000E+000
   0.000000000000000E+000
   0.000000000000000E+000
   0.000000000000000E+000
   0.000000000000000E+000
   0.000000000000000E+000
   0.000000000000000E+000
   0.000000000000000E+000
   0.000000000000000E+000
   0.000000000000000E+000
   9.871002301501471E-001
   0.000000000000000E+000
   0.000000000000000E+000
   0.000000000000000E+000
   2.866618090343936E-001
   0.000000000000000E+000
   1.979854469681962E-001
  -2.580667989889595E-002
   0.000000000000000E+000
   0.000000000000000E+000
   0.000000000000000E+000
   0.000000000000000E+000
   0.000000000000000E+000
   0.000000000000000E+000
   0.000000000000000E+000
   0.000000000000000E+000
   0.000000000000000E+000
   0.000000000000000E+000
   0.000000000000000E+000
   0.000000000000000E+000
   0.000000000000000E+000
   0.000000000000000E+000
   0.000000000000000E+000
   0.000000000000000E+000
   0.000000000000000E+000
   0.000000000000000E+000
   0.000000000000000E+000
   0.000000000000000E+000
   8.591301751194730E-001
   0.000000000000000E+000
   0.000000000000000E+000
   0.000000000000000E+000
   0.000000000000000E+000
   0.000000000000000E+000
   0.000000000000000E+000
   0.000000000000000E+000
   0.000000000000000E+000
   0.000000000000000E+000
   0.000000000000000E+000
   0.000000000000000E+000
   0.000000000000000E+000
   0.000000000000000E+000
   0.000000000000000E+000
   3.449657935877088E-001
  -6.328434476716487E-001
   1.362573083134593E-001
   0.000000000000000E+000
   0.000000000000000E+000
   0.000000000000000E+000
   0.000000000000000E+000
   0.000000000000000E+000
   0.000000000000000E+000
   0.000000000000000E+000
   0.000000000000000E+000
   0.000000000000000E+000
   0.000000000000000E+000
   0.000000000000000E+000
   0.000000000000000E+000
   0.000000000000000E+000
   0.000000000000000E+000
   0.000000000000000E+000
   0.000000000000000E+000
   0.000000000000000E+000
   0.000000000000000E+000
   0.000000000000000E+000
   0.000000000000000E+000
   0.000000000000000E+000
   0.000000000000000E+000
   0.000000000000000E+000
   0.000000000000000E+000
   0.000000000000000E+000
   0.000000000000000E+000
   0.000000000000000E+000
   0.000000000000000E+000
   0.000000000000000E+000
   0.000000000000000E+000
   0.000000000000000E+000
   8.591301751194730E-001
   0.000000000000000E+000
   0.000000000000000E+000
   0.000000000000000E+000
  -4.506449553596008E-001
  -6.328434476716487E-001
  -3.118404407588691E-001
   0.000000000000000E+000
   0.000000000000000E+000
   0.000000000000000E+000
   0.000000000000000E+000
   0.000000000000000E+000
   0.000000000000000E+000
   0.000000000000000E+000
   0.000000000000000E+000
   0.000000000000000E+000
   0.000000000000000E+000
   0.000000000000000E+000
   0.000000000000000E+000
   0.000000000000000E+000
   0.000000000000000E+000
   0.000000000000000E+000
   0.000000000000000E+000
   0.000000000000000E+000
   0.000000000000000E+000
   0.000000000000000E+000
   0.000000000000000E+000
   0.000000000000000E+000
   0.000000000000000E+000
   0.000000000000000E+000
   0.000000000000000E+000
   0.000000000000000E+000
   0.000000000000000E+000
   0.000000000000000E+000
   0.000000000000000E+000
   0.000000000000000E+000
   0.000000000000000E+000
   0.000000000000000E+000
   0.000000000000000E+000
   8.591301751194730E-001
   0.000000000000000E+000
   0.000000000000000E+000
  -7.660801260828281E-001
  -6.328434476716487E-001
  -4.894974045019326E-001
   0.000000000000000E+000
   0.000000000000000E+000
   0.000000000000000E+000
   0.000000000000000E+000
   0.000000000000000E+000
   0.000000000000000E+000
   0.000000000000000E+000
   0.000000000000000E+000
   0.000000000000000E+000
   0.000000000000000E+000
   0.000000000000000E+000
   0.000000000000000E+000
   0.000000000000000E+000
   0.000000000000000E+000
   0.000000000000000E+000
   0.000000000000000E+000
   0.000000000000000E+000
   0.000000000000000E+000
   0.000000000000000E+000
   0.000000000000000E+000
   0.000000000000000E+000
   0.000000000000000E+000
   0.000000000000000E+000
   0.000000000000000E+000
   0.000000000000000E+000
   0.000000000000000E+000
   0.000000000000000E+000
   0.000000000000000E+000
   0.000000000000000E+000
   0.000000000000000E+000
   0.000000000000000E+000
   0.000000000000000E+000
   0.000000000000000E+000
   2.660046405290161E-001
   0.000000000000000E+000
   0.000000000000000E+000
   0.000000000000000E+000
   3.570220893335053E-001
   0.000000000000000E+000
   0.000000000000000E+000
   0.000000000000000E+000
   0.000000000000000E+000
   0.000000000000000E+000
   0.000000000000000E+000
   0.000000000000000E+000
   0.000000000000000E+000
   0.000000000000000E+000
   0.000000000000000E+000
   0.000000000000000E+000
   0.000000000000000E+000
   0.000000000000000E+000
   0.000000000000000E+000
   0.000000000000000E+000
   0.000000000000000E+000
   0.000000000000000E+000
   0.000000000000000E+000
   0.000000000000000E+000
   0.000000000000000E+000
   0.000000000000000E+000
   0.000000000000000E+000
   0.000000000000000E+000
   0.000000000000000E+000
   0.000000000000000E+000
   0.000000000000000E+000
   0.000000000000000E+000
   0.000000000000000E+000
   0.000000000000000E+000
   0.000000000000000E+000
   0.000000000000000E+000
   0.000000000000000E+000
   0.000000000000000E+000
   0.000000000000000E+000
   4.890571555963665E-001
   0.000000000000000E+000
   0.000000000000000E+000
  -1.215407727639688E-001
   0.000000000000000E+000
   0.000000000000000E+000
   0.000000000000000E+000
   0.000000000000000E+000
   0.000000000000000E+000
   0.000000000000000E+000
   0.000000000000000E+000
   0.000000000000000E+000
   0.000000000000000E+000
   0.000000000000000E+000
   0.000000000000000E+000
   0.000000000000000E+000
   0.000000000000000E+000
   0.000000000000000E+000
   0.000000000000000E+000
   0.000000000000000E+000
   0.000000000000000E+000
   0.000000000000000E+000
   0.000000000000000E+000
   0.000000000000000E+000
   0.000000000000000E+000
   0.000000000000000E+000
   0.000000000000000E+000
   0.000000000000000E+000
   0.000000000000000E+000
   0.000000000000000E+000
   0.000000000000000E+000
   0.000000000000000E+000
   0.000000000000000E+000
   0.000000000000000E+000
   0.000000000000000E+000
   0.000000000000000E+000
   0.000000000000000E+000
  -6.773011643186147E-002
   4.606308557550013E-001
   0.000000000000000E+000
   0.000000000000000E+000
  -1.177117110370550E-001
   0.000000000000000E+000
   0.000000000000000E+000
   0.000000000000000E+000
   0.000000000000000E+000
   0.000000000000000E+000
   0.000000000000000E+000
   0.000000000000000E+000
   0.000000000000000E+000
   0.000000000000000E+000
   0.000000000000000E+000
   0.000000000000000E+000
   0.000000000000000E+000
   0.000000000000000E+000
   0.000000000000000E+000
   0.000000000000000E+000
   0.000000000000000E+000
   0.000000000000000E+000
   0.000000000000000E+000
   0.000000000000000E+000
   0.000000000000000E+000
   0.000000000000000E+000
   0.000000000000000E+000
   0.000000000000000E+000
   0.000000000000000E+000
   0.000000000000000E+000
   0.000000000000000E+000
   0.000000000000000E+000
   0.000000000000000E+000
   0.000000000000000E+000
   0.000000000000000E+000
   0.000000000000000E+000
   0.000000000000000E+000
   0.000000000000000E+000
   0.000000000000000E+000
   0.000000000000000E+000
   3.224428692431203E-001
   0.000000000000000E+000
   3.303645050941170E-001
   0.000000000000000E+000
   0.000000000000000E+000
   0.000000000000000E+000
   0.000000000000000E+000
   0.000000000000000E+000
   0.000000000000000E+000
   0.000000000000000E+000
   0.000000000000000E+000
   0.000000000000000E+000
   0.000000000000000E+000
   0.000000000000000E+000
   0.000000000000000E+000
   0.000000000000000E+000
   0.000000000000000E+000
   0.000000000000000E+000
   0.000000000000000E+000
   0.000000000000000E+000
   0.000000000000000E+000
   0.000000000000000E+000
   0.000000000000000E+000
   0.000000000000000E+000
   0.000000000000000E+000
   0.000000000000000E+000
   0.000000000000000E+000
   0.000000000000000E+000
   0.000000000000000E+000
   0.000000000000000E+000
   0.000000000000000E+000
   0.000000000000000E+000
   0.000000000000000E+000
   0.000000000000000E+000
   0.000000000000000E+000
   0.000000000000000E+000
   2.164934900534720E-001
   0.000000000000000E+000
   3.037009746037545E-001
   0.000000000000000E+000
   3.215040343329966E-001
   0.000000000000000E+000
   0.000000000000000E+000
   0.000000000000000E+000
   0.000000000000000E+000
   0.000000000000000E+000
   0.000000000000000E+000
   0.000000000000000E+000
   0.000000000000000E+000
   0.000000000000000E+000
   0.000000000000000E+000
   0.000000000000000E+000
   0.000000000000000E+000
   0.000000000000000E+000
   0.000000000000000E+000
   0.000000000000000E+000
   0.000000000000000E+000
   0.000000000000000E+000
   0.000000000000000E+000
   0.000000000000000E+000
   0.000000000000000E+000
   0.000000000000000E+000
   0.000000000000000E+000
   0.000000000000000E+000
   0.000000000000000E+000
   0.000000000000000E+000
   0.000000000000000E+000
   0.000000000000000E+000
   0.000000000000000E+000
   0.000000000000000E+000
   0.000000000000000E+000
   0.000000000000000E+000
   0.000000000000000E+000
   0.000000000000000E+000
   0.000000000000000E+000
   3.980294864033850E-001
  -8.210042137997134E-002
   0.000000000000000E+000
  -1.072810260781551E-001
   0.000000000000000E+000
   0.000000000000000E+000
   0.000000000000000E+000
   0.000000000000000E+000
   0.000000000000000E+000
   0.000000000000000E+000
   0.000000000000000E+000
   0.000000000000000E+000
   0.000000000000000E+000
   0.000000000000000E+000
   0.000000000000000E+000
   8.553759813106484E-001
   0.000000000000000E+000
   0.000000000000000E+000
   0.000000000000000E+000
   0.000000000000000E+000
   0.000000000000000E+000
   0.000000000000000E+000
   0.000000000000000E+000
   0.000000000000000E+000
   0.000000000000000E+000
   0.000000000000000E+000
   0.000000000000000E+000
   0.000000000000000E+000
   0.000000000000000E+000
   0.000000000000000E+000
   0.000000000000000E+000
   0.000000000000000E+000
   0.000000000000000E+000
   0.000000000000000E+000
   0.000000000000000E+000
   0.000000000000000E+000
   0.000000000000000E+000
   0.000000000000000E+000
   0.000000000000000E+000
   0.000000000000000E+000
   0.000000000000000E+000
   0.000000000000000E+000
   0.000000000000000E+000
   0.000000000000000E+000
   0.000000000000000E+000
   0.000000000000000E+000
   0.000000000000000E+000
   0.000000000000000E+000
   0.000000000000000E+000
   0.000000000000000E+000
   0.000000000000000E+000
  -8.553759813106484E-001
   6.090864727689129E-001
   0.000000000000000E+000
   8.553759813106484E-001
   0.000000000000000E+000
   0.000000000000000E+000
   0.000000000000000E+000
   0.000000000000000E+000
   0.000000000000000E+000
   0.000000000000000E+000
   0.000000000000000E+000
   0.000000000000000E+000
   0.000000000000000E+000
   0.000000000000000E+000
   0.000000000000000E+000
   0.000000000000000E+000
   0.000000000000000E+000
   0.000000000000000E+000
   0.000000000000000E+000
   0.000000000000000E+000
   0.000000000000000E+000
   0.000000000000000E+000
   0.000000000000000E+000
   0.000000000000000E+000
   0.000000000000000E+000
   0.000000000000000E+000
   0.000000000000000E+000
   0.000000000000000E+000
   0.000000000000000E+000
   0.000000000000000E+000
   0.000000000000000E+000
   0.000000000000000E+000
   0.000000000000000E+000
   0.000000000000000E+000
   0.000000000000000E+000
   0.000000000000000E+000
   0.000000000000000E+000
   0.000000000000000E+000
  -8.553759813106484E-001
   5.796291762011959E-002
   0.000000000000000E+000
   0.000000000000000E+000
   8.553759813106484E-001
   0.000000000000000E+000
   0.000000000000000E+000
   0.000000000000000E+000
   0.000000000000000E+000
   0.000000000000000E+000
   0.000000000000000E+000
   0.000000000000000E+000
   0.000000000000000E+000
   0.000000000000000E+000
   0.000000000000000E+000
   0.000000000000000E+000
   0.000000000000000E+000
   0.000000000000000E+000
   0.000000000000000E+000
   0.000000000000000E+000
   0.000000000000000E+000
   0.000000000000000E+000
   0.000000000000000E+000
   0.000000000000000E+000
   0.000000000000000E+000
   0.000000000000000E+000
   0.000000000000000E+000
   0.000000000000000E+000
   0.000000000000000E+000
   0.000000000000000E+000
   0.000000000000000E+000
   0.000000000000000E+000
   0.000000000000000E+000
   0.000000000000000E+000
   0.000000000000000E+000
   0.000000000000000E+000
   0.000000000000000E+000
   0.000000000000000E+000
  -8.553759813106484E-001
  -5.559049381972553E-001
   0.000000000000000E+000
   0.000000000000000E+000
   0.000000000000000E+000
   7.871312713065856E-001
   0.000000000000000E+000
   0.000000000000000E+000
   0.000000000000000E+000
   0.000000000000000E+000
   0.000000000000000E+000
   0.000000000000000E+000
   0.000000000000000E+000
   0.000000000000000E+000
   0.000000000000000E+000
   0.000000000000000E+000
   0.000000000000000E+000
   0.000000000000000E+000
   0.000000000000000E+000
   0.000000000000000E+000
   0.000000000000000E+000
   0.000000000000000E+000
   0.000000000000000E+000
   0.000000000000000E+000
   0.000000000000000E+000
   0.000000000000000E+000
   0.000000000000000E+000
   0.000000000000000E+000
   0.000000000000000E+000
   0.000000000000000E+000
   0.000000000000000E+000
   0.000000000000000E+000
   0.000000000000000E+000
   0.000000000000000E+000
   0.000000000000000E+000
   4.703826286039782E-001
   0.000000000000000E+000
   0.000000000000000E+000
       -1.018485930307368
   6.564760666665505E-001
   0.000000000000000E+000
   0.000000000000000E+000
   0.000000000000000E+000
   0.000000000000000E+000
   0.000000000000000E+000
   0.000000000000000E+000
   0.000000000000000E+000
   0.000000000000000E+000
   0.000000000000000E+000
   0.000000000000000E+000
   0.000000000000000E+000
   0.000000000000000E+000
   0.000000000000000E+000
   0.000000000000000E+000
   0.000000000000000E+000
   0.000000000000000E+000
   0.000000000000000E+000
   0.000000000000000E+000
   0.000000000000000E+000
   0.000000000000000E+000
   0.000000000000000E+000
   0.000000000000000E+000
   0.000000000000000E+000
   0.000000000000000E+000
   0.000000000000000E+000
   0.000000000000000E+000
   0.000000000000000E+000
   7.871312713065856E-001
   0.000000000000000E+000
   0.000000000000000E+000
   0.000000000000000E+000
   0.000000000000000E+000
   0.000000000000000E+000
  -3.583441341112015E-002
   0.000000000000000E+000
   0.000000000000000E+000
       -1.018485930307368
  -2.365340536253821E-001
   0.000000000000000E+000
   0.000000000000000E+000
   0.000000000000000E+000
   0.000000000000000E+000
   0.000000000000000E+000
   0.000000000000000E+000
   0.000000000000000E+000
   0.000000000000000E+000
   0.000000000000000E+000
   0.000000000000000E+000
   0.000000000000000E+000
   0.000000000000000E+000
   0.000000000000000E+000
   0.000000000000000E+000
   0.000000000000000E+000
   0.000000000000000E+000
   0.000000000000000E+000
   0.000000000000000E+000
   0.000000000000000E+000
   0.000000000000000E+000
   0.000000000000000E+000
   0.000000000000000E+000
   0.000000000000000E+000
   0.000000000000000E+000
   0.000000000000000E+000
   0.000000000000000E+000
   0.000000000000000E+000
   0.000000000000000E+000
   7.871312713065856E-001
   0.000000000000000E+000
   0.000000000000000E+000
   0.000000000000000E+000
   0.000000000000000E+000
  -3.938891445436150E-001
   0.000000000000000E+000
   0.000000000000000E+000
       -1.018485930307368
  -8.681731964857445E-001
   0.000000000000000E+000
   0.000000000000000E+000
   0.000000000000000E+000
   0.000000000000000E+000
   0.000000000000000E+000
   0.000000000000000E+000
   9.769888783651911E-001
   0.000000000000000E+000
   0.000000000000000E+000
   0.000000000000000E+000
   0.000000000000000E+000
   0.000000000000000E+000
   0.000000000000000E+000
   0.000000000000000E+000
   0.000000000000000E+000
   0.000000000000000E+000
   0.000000000000000E+000
   0.000000000000000E+000
   0.000000000000000E+000
   0.000000000000000E+000
   0.000000000000000E+000
   0.000000000000000E+000
   0.000000000000000E+000
   0.000000000000000E+000
   0.000000000000000E+000
   0.000000000000000E+000
   0.000000000000000E+000
   0.000000000000000E+000
   0.000000000000000E+000
   0.000000000000000E+000
   0.000000000000000E+000
   0.000000000000000E+000
   0.000000000000000E+000
   0.000000000000000E+000
  -1.102624338442031E-001
   0.000000000000000E+000
   3.522020510053043E-001
   1.141281759815842E-001
   0.000000000000000E+000
   0.000000000000000E+000
   0.000000000000000E+000
   0.000000000000000E+000
   0.000000000000000E+000
   0.000000000000000E+000
   0.000000000000000E+000
   0.000000000000000E+000
   0.000000000000000E+000
   0.000000000000000E+000
   0.000000000000000E+000
   0.000000000000000E+000
   0.000000000000000E+000
   0.000000000000000E+000
   0.000000000000000E+000
   0.000000000000000E+000
   0.000000000000000E+000
   0.000000000000000E+000
   0.000000000000000E+000
   0.000000000000000E+000
   0.000000000000000E+000
   0.000000000000000E+000
   0.000000000000000E+000
   0.000000000000000E+000
   0.000000000000000E+000
   0.000000000000000E+000
   0.000000000000000E+000
   0.000000000000000E+000
   0.000000000000000E+000
   9.769888783651911E-001
   0.000000000000000E+000
   0.000000000000000E+000
   0.000000000000000E+000
   0.000000000000000E+000
   5.845416046979825E-002
   0.000000000000000E+000
   3.522020510053043E-001
   3.120578567765808E-002
   0.000000000000000E+000
   0.000000000000000E+000
   0.000000000000000E+000
   0.000000000000000E+000
   0.000000000000000E+000
   0.000000000000000E+000
   0.000000000000000E+000
   0.000000000000000E+000
   0.000000000000000E+000
   0.000000000000000E+000
   0.000000000000000E+000
   0.000000000000000E+000
   0.000000000000000E+000
   0.000000000000000E+000
   0.000000000000000E+000
   0.000000000000000E+000
   0.000000000000000E+000
   0.000000000000000E+000
   0.000000000000000E+000
   0.000000000000000E+000
   0.000000000000000E+000
   0.000000000000000E+000
   0.000000000000000E+000
   0.000000000000000E+000
   0.000000000000000E+000
   0.000000000000000E+000
   0.000000000000000E+000
   0.000000000000000E+000
   0.000000000000000E+000
   0.000000000000000E+000
   9.769888783651911E-001
   0.000000000000000E+000
   0.000000000000000E+000
   0.000000000000000E+000
   2.746551222341909E-001
   0.000000000000000E+000
   3.522020510053043E-001
  -7.505466018070986E-002
   0.000000000000000E+000
   0.000000000000000E+000
   0.000000000000000E+000
   0.000000000000000E+000
   0.000000000000000E+000
   0.000000000000000E+000
   0.000000000000000E+000
   0.000000000000000E+000
   0.000000000000000E+000
   7.239547742510845E-001
   0.000000000000000E+000
   0.000000000000000E+000
   0.000000000000000E+000
   0.000000000000000E+000
   0.000000000000000E+000
   0.000000000000000E+000
   0.000000000000000E+000
   0.000000000000000E+000
   0.000000000000000E+000
   0.000000000000000E+000
   0.000000000000000E+000
   0.000000000000000E+000
   0.000000000000000E+000
   0.000000000000000E+000
   0.000000000000000E+000
   0.000000000000000E+000
   0.000000000000000E+000
   0.000000000000000E+000
   0.000000000000000E+000
   0.000000000000000E+000
   0.000000000000000E+000
   0.000000000000000E+000
   0.000000000000000E+000
   0.000000000000000E+000
   0.000000000000000E+000
   2.401210062139273E-001
       -1.139131674601769
   3.212654707674190E-001
   0.000000000000000E+000
   0.000000000000000E+000
   0.000000000000000E+000
   0.000000000000000E+000
   0.000000000000000E+000
   0.000000000000000E+000
   0.000000000000000E+000
   0.000000000000000E+000
   0.000000000000000E+000
   0.000000000000000E+000
   0.000000000000000E+000
   0.000000000000000E+000
   0.000000000000000E+000
   0.000000000000000E+000
   0.000000000000000E+000
   0.000000000000000E+000
   0.000000000000000E+000
   0.000000000000000E+000
   0.000000000000000E+000
   0.000000000000000E+000
   0.000000000000000E+000
   0.000000000000000E+000
   0.000000000000000E+000
   0.000000000000000E+000
   0.000000000000000E+000
   0.000000000000000E+000
   0.000000000000000E+000
   0.000000000000000E+000
   0.000000000000000E+000
   0.000000000000000E+000
   0.000000000000000E+000
   7.239547742510845E-001
   0.000000000000000E+000
   0.000000000000000E+000
   0.000000000000000E+000
  -3.430014717075756E-001
       -1.139131674601769
  -9.296674606782870E-001
   0.000000000000000E+000
   0.000000000000000E+000
   0.000000000000000E+000
   0.000000000000000E+000
   0.000000000000000E+000
   0.000000000000000E+000
   0.000000000000000E+000
   0.000000000000000E+000
   0.000000000000000E+000
   0.000000000000000E+000
   0.000000000000000E+000
   0.000000000000000E+000
   0.000000000000000E+000
   0.000000000000000E+000
   0.000000000000000E+000
   0.000000000000000E+000
   0.000000000000000E+000
   0.000000000000000E+000
   0.000000000000000E+000
   0.000000000000000E+000
   0.000000000000000E+000
   0.000000000000000E+000
   0.000000000000000E+000
   0.000000000000000E+000
   0.000000000000000E+000
   0.000000000000000E+000
   0.000000000000000E+000
   0.000000000000000E+000
   0.000000000000000E+000
   0.000000000000000E+000
   0.000000000000000E+000
   0.000000000000000E+000
   7.239547742510845E-001
   0.000000000000000E+000
   0.000000000000000E+000
  -6.880592467883722E-001
       -1.139131674601769
       -1.669896401326429
   0.000000000000000E+000
   0.000000000000000E+000
   0.000000000000000E+000
   0.000000000000000E+000
   0.000000000000000E+000
   0.000000000000000E+000
   0.000000000000000E+000
   0.000000000000000E+000
   0.000000000000000E+000
   0.000000000000000E+000
   0.000000000000000E+000
   0.000000000000000E+000
   0.000000000000000E+000
   0.000000000000000E+000
   0.000000000000000E+000
   0.000000000000000E+000
   0.000000000000000E+000
   0.000000000000000E+000
   0.000000000000000E+000
   0.000000000000000E+000
   0.000000000000000E+000
   0.000000000000000E+000
   0.000000000000000E+000
   0.000000000000000E+000
   0.000000000000000E+000
   0.000000000000000E+000
   0.000000000000000E+000
   0.000000000000000E+000
   0.000000000000000E+000
   0.000000000000000E+000
   0.000000000000000E+000
   0.000000000000000E+000
   0.000000000000000E+000
   1.529878014436962E-001
   0.000000000000000E+000
   0.000000000000000E+000
   0.000000000000000E+000
   5.885939232588969E-001
   0.000000000000000E+000
   0.000000000000000E+000
   0.000000000000000E+000
   0.000000000000000E+000
   0.000000000000000E+000
   0.000000000000000E+000
   0.000000000000000E+000
   0.000000000000000E+000
   0.000000000000000E+000
   0.000000000000000E+000
   0.000000000000000E+000
   0.000000000000000E+000
   0.000000000000000E+000
   0.000000000000000E+000
   0.000000000000000E+000
   0.000000000000000E+000
   0.000000000000000E+000
   0.000000000000000E+000
   0.000000000000000E+000
   0.000000000000000E+000
   0.000000000000000E+000
   0.000000000000000E+000
   0.000000000000000E+000
   0.000000000000000E+000
   0.000000000000000E+000
   0.000000000000000E+000
   0.000000000000000E+000
   0.000000000000000E+000
   0.000000000000000E+000
   0.000000000000000E+000
   0.000000000000000E+000
   0.000000000000000E+000
   0.000000000000000E+000
   0.000000000000000E+000
   2.925392636177158E-001
   0.000000000000000E+000
   0.000000000000000E+000
  -2.539929541179523E-001
   0.000000000000000E+000
   0.000000000000000E+000
   0.000000000000000E+000
   0.000000000000000E+000
   0.000000000000000E+000
   0.000000000000000E+000
   0.000000000000000E+000
   0.000000000000000E+000
   0.000000000000000E+000
   0.000000000000000E+000
   0.000000000000000E+000
   0.000000000000000E+000
   0.000000000000000E+000
   0.000000000000000E+000
   0.000000000000000E+000
   0.000000000000000E+000
   0.000000000000000E+000
   0.000000000000000E+000
   0.000000000000000E+000
   0.000000000000000E+000
   0.000000000000000E+000
   0.000000000000000E+000
   0.000000000000000E+000
   0.000000000000000E+000
   0.000000000000000E+000
   0.000000000000000E+000
   0.000000000000000E+000
   0.000000000000000E+000
   0.000000000000000E+000
   0.000000000000000E+000
   0.000000000000000E+000
   0.000000000000000E+000
   0.000000000000000E+000
  -6.299290443566175E-002
   3.483229954628755E-001
   0.000000000000000E+000
   0.000000000000000E+000
  -2.823218698748418E-001
   0.000000000000000E+000
   0.000000000000000E+000
   0.000000000000000E+000
   0.000000000000000E+000
   0.000000000000000E+000
   0.000000000000000E+000
   0.000000000000000E+000
   0.000000000000000E+000
   0.000000000000000E+000
   0.000000000000000E+000
   0.000000000000000E+000
   0.000000000000000E+000
   0.000000000000000E+000
   0.000000000000000E+000
   0.000000000000000E+000
   0.000000000000000E+000
   0.000000000000000E+000
   0.000000000000000E+000
   0.000000000000000E+000
   0.000000000000000E+000
   0.000000000000000E+000
   0.000000000000000E+000
   0.000000000000000E+000
   0.000000000000000E+000
   0.000000000000000E+000
   0.000000000000000E+000
   0.000000000000000E+000
   0.000000000000000E+000
   0.000000000000000E+000
   0.000000000000000E+000
   0.000000000000000E+000
   0.000000000000000E+000
   0.000000000000000E+000
   0.000000000000000E+000
   0.000000000000000E+000
   1.190281308026079E-001
   0.000000000000000E+000
   6.118064568383277E-001
   0.000000000000000E+000
   0.000000000000000E+000
   0.000000000000000E+000
   0.000000000000000E+000
   0.000000000000000E+000
   0.000000000000000E+000
   0.000000000000000E+000
   0.000000000000000E+000
   0.000000000000000E+000
   0.000000000000000E+000
   0.000000000000000E+000
   0.000000000000000E+000
   0.000000000000000E+000
   0.000000000000000E+000
   0.000000000000000E+000
   0.000000000000000E+000
   0.000000000000000E+000
   0.000000000000000E+000
   0.000000000000000E+000
   0.000000000000000E+000
   0.000000000000000E+000
   0.000000000000000E+000
   0.000000000000000E+000
   0.000000000000000E+000
   0.000000000000000E+000
   0.000000000000000E+000
   0.000000000000000E+000
   0.000000000000000E+000
   0.000000000000000E+000
   0.000000000000000E+000
   0.000000000000000E+000
   0.000000000000000E+000
   0.000000000000000E+000
   2.037387701548161E-001
   0.000000000000000E+000
   1.417253689395032E-001
   0.000000000000000E+000
   6.634463809150020E-001
   0.000000000000000E+000
   0.000000000000000E+000
   0.000000000000000E+000
   0.000000000000000E+000
   0.000000000000000E+000
   0.000000000000000E+000
   0.000000000000000E+000
   0.000000000000000E+000
   0.000000000000000E+000
   0.000000000000000E+000
   0.000000000000000E+000
   0.000000000000000E+000
   0.000000000000000E+000
   0.000000000000000E+000
   0.000000000000000E+000
   0.000000000000000E+000
   0.000000000000000E+000
   0.000000000000000E+000
   0.000000000000000E+000
   0.000000000000000E+000
   0.000000000000000E+000
   0.000000000000000E+000
   0.000000000000000E+000
   0.000000000000000E+000
   0.000000000000000E+000
   0.000000000000000E+000
   0.000000000000000E+000
   0.000000000000000E+000
   0.000000000000000E+000
   0.000000000000000E+000
   0.000000000000000E+000
   0.000000000000000E+000
   0.000000000000000E+000
   0.000000000000000E+000
   3.895839356408035E-001
  -4.900997071693700E-002
   0.000000000000000E+000
  -2.966140632721068E-001
   1.275752372259003E-001
   0.000000000000000E+000
   3.314635518969153E-001
   0.000000000000000E+000
   0.000000000000000E+000
   1.745845307101026E-001
   0.000000000000000E+000
   0.000000000000000E+000
   0.000000000000000E+000
   1.475844469249416E-001
   0.000000000000000E+000
   0.000000000000000E+000
   0.000000000000000E+000
   0.000000000000000E+000
   1.509267401078498E-001
   0.000000000000000E+000
   0.000000000000000E+000
   0.000000000000000E+000
   0.000000000000000E+000
   0.000000000000000E+000
   8.039909079120602E-002
   0.000000000000000E+000
   0.000000000000000E+000
   0.000000000000000E+000
   0.000000000000000E+000
   0.000000000000000E+000
   0.000000000000000E+000
   1.489466166717604E-001
   0.000000000000000E+000
   0.000000000000000E+000
   0.000000000000000E+000
   0.000000000000000E+000
   0.000000000000000E+000
   0.000000000000000E+000
   0.000000000000000E+000
   3.555885616586128E-001
   0.000000000000000E+000
   0.000000000000000E+000
   0.000000000000000E+000
   0.000000000000000E+000
   0.000000000000000E+000
   0.000000000000000E+000
   0.000000000000000E+000
   0.000000000000000E+000
   1.463729129958991E-001
   0.000000000000000E+000
   0.000000000000000E+000
   0.000000000000000E+000
   0.000000000000000E+000
   0.000000000000000E+000
   0.000000000000000E+000
   0.000000000000000E+000
   0.000000000000000E+000
   0.000000000000000E+000
   2.683617906042046E-001
   0.000000000000000E+000
   0.000000000000000E+000
   0.000000000000000E+000
   0.000000000000000E+000
   0.000000000000000E+000
   0.000000000000000E+000
   0.000000000000000E+000
   0.000000000000000E+000
   0.000000000000000E+000
   0.000000000000000E+000
   1.284615846308126E-001
   0.000000000000000E+000
   0.000000000000000E+000
   0.000000000000000E+000
   0.000000000000000E+000
   0.000000000000000E+000
   0.000000000000000E+000
   0.000000000000000E+000
   0.000000000000000E+000
   0.000000000000000E+000
   0.000000000000000E+000
   0.000000000000000E+000
   2.336386001723926E-002
   0.000000000000000E+000
   0.000000000000000E+000
   0.000000000000000E+000
   4.926040428821968E-002
  -2.037601764189228E-002
  -5.687602833639870E-002
   0.000000000000000E+000
   0.000000000000000E+000
   0.000000000000000E+000
   0.000000000000000E+000
   0.000000000000000E+000
   0.000000000000000E+000
   1.197959071022327E-001
   0.000000000000000E+000
   0.000000000000000E+000
   0.000000000000000E+000
   0.000000000000000E+000
   0.000000000000000E+000
   0.000000000000000E+000
  -3.289490605674181E-002
  -2.879131510750747E-002
   3.683533293501777E-002
   0.000000000000000E+000
   0.000000000000000E+000
   0.000000000000000E+000
  -1.778574343953286E-002
   2.342371853166924E-001
   0.000000000000000E+000
   0.000000000000000E+000
   0.000000000000000E+000
   0.000000000000000E+000
   0.000000000000000E+000
   0.000000000000000E+000
   0.000000000000000E+000
   0.000000000000000E+000
   0.000000000000000E+000
   5.157989112228425E-002
  -6.769823374820398E-002
  -2.397617316380251E-002
   2.351035036621357E-002
  -1.598967395492221E-002
   1.208072734160370E-001
   5.592365981301664E-002
   2.079353388896409E-002
  -6.267248707085649E-002
   6.118046025984698E-002
  -2.530661604602079E-002
  -7.063891662385566E-002
   1.393482985841326E-002
   1.219648041344242E-002
  -1.560406028647950E-002
   6.272645280032078E-002
  -8.232801526867092E-002
  -2.915749261133712E-002
   2.140392813011928E-001
  -1.597078466216103E-001
   2.060699499912474E-001
   8.109861023135739E-001
   0.000000000000000E+000
   0.000000000000000E+000
   0.000000000000000E+000
   0.000000000000000E+000
   0.000000000000000E+000
   0.000000000000000E+000
   0.000000000000000E+000
   0.000000000000000E+000
   0.000000000000000E+000
   0.000000000000000E+000
   0.000000000000000E+000
   0.000000000000000E+000
   0.000000000000000E+000
   0.000000000000000E+000
   0.000000000000000E+000
   0.000000000000000E+000
   2.824268846408039E-002
   0.000000000000000E+000
   0.000000000000000E+000
   0.000000000000000E+000
   0.000000000000000E+000
   0.000000000000000E+000
   0.000000000000000E+000
   0.000000000000000E+000
   0.000000000000000E+000
   0.000000000000000E+000
   0.000000000000000E+000
   0.000000000000000E+000
   0.000000000000000E+000
   0.000000000000000E+000
   0.000000000000000E+000
   0.000000000000000E+000
   0.000000000000000E+000
   0.000000000000000E+000
   1.210363596442345E-002
   0.000000000000000E+000
   0.000000000000000E+000
   0.000000000000000E+000
   0.000000000000000E+000
   0.000000000000000E+000
   0.000000000000000E+000
   0.000000000000000E+000
   0.000000000000000E+000
   0.000000000000000E+000
   0.000000000000000E+000
   0.000000000000000E+000
   0.000000000000000E+000
   0.000000000000000E+000
   0.000000000000000E+000
   0.000000000000000E+000
   0.000000000000000E+000
   0.000000000000000E+000
   0.000000000000000E+000
   4.473519034865803E-002
   0.000000000000000E+000
   0.000000000000000E+000
   0.000000000000000E+000
   0.000000000000000E+000
   0.000000000000000E+000
   0.000000000000000E+000
   0.000000000000000E+000
   0.000000000000000E+000
   0.000000000000000E+000
   0.000000000000000E+000
   0.000000000000000E+000
   0.000000000000000E+000
   0.000000000000000E+000
   0.000000000000000E+000
   0.000000000000000E+000
   0.000000000000000E+000
   0.000000000000000E+000
   0.000000000000000E+000
   0.000000000000000E+000
   2.365152265650762E-002
   0.000000000000000E+000
   0.000000000000000E+000
   0.000000000000000E+000
   0.000000000000000E+000
   0.000000000000000E+000
   0.000000000000000E+000
   0.000000000000000E+000
   0.000000000000000E+000
   0.000000000000000E+000
   0.000000000000000E+000
   0.000000000000000E+000
   0.000000000000000E+000
   0.000000000000000E+000
   0.000000000000000E+000
   0.000000000000000E+000
   0.000000000000000E+000
   0.000000000000000E+000
   0.000000000000000E+000
   0.000000000000000E+000
   0.000000000000000E+000
   1.391196574460911E-002
   0.000000000000000E+000
   0.000000000000000E+000
   0.000000000000000E+000
   0.000000000000000E+000
   0.000000000000000E+000
   0.000000000000000E+000
   0.000000000000000E+000
   0.000000000000000E+000
   0.000000000000000E+000
   0.000000000000000E+000
   0.000000000000000E+000
   0.000000000000000E+000
   0.000000000000000E+000
   0.000000000000000E+000
   0.000000000000000E+000
   0.000000000000000E+000
   0.000000000000000E+000
   0.000000000000000E+000
   0.000000000000000E+000
   0.000000000000000E+000
   0.000000000000000E+000
   3.019224658182279E-003
   0.000000000000000E+000
   0.000000000000000E+000
   0.000000000000000E+000
   1.290291922251434E-002
   0.000000000000000E+000
   0.000000000000000E+000
   0.000000000000000E+000
   0.000000000000000E+000
   0.000000000000000E+000
   0.000000000000000E+000
   0.000000000000000E+000
   0.000000000000000E+000
   0.000000000000000E+000
   0.000000000000000E+000
   0.000000000000000E+000
   0.000000000000000E+000
  -1.987557623370484E-003
  -7.781362460723971E-003
   0.000000000000000E+000
   0.000000000000000E+000
   0.000000000000000E+000
   0.000000000000000E+000
   2.449560080789633E-002
   0.000000000000000E+000
   0.000000000000000E+000
   0.000000000000000E+000
   0.000000000000000E+000
   0.000000000000000E+000
   0.000000000000000E+000
  -1.254212981300864E-003
   0.000000000000000E+000
   0.000000000000000E+000
   0.000000000000000E+000
   0.000000000000000E+000
   0.000000000000000E+000
   0.000000000000000E+000
   0.000000000000000E+000
   0.000000000000000E+000
   0.000000000000000E+000
   0.000000000000000E+000
   0.000000000000000E+000
   2.047690002153650E-003
   6.868591520945266E-003
   0.000000000000000E+000
   0.000000000000000E+000
  -2.041898175490256E-003
   4.158565482727290E-002
   0.000000000000000E+000
   0.000000000000000E+000
   0.000000000000000E+000
   0.000000000000000E+000
   0.000000000000000E+000
   0.000000000000000E+000
   0.000000000000000E+000
   0.000000000000000E+000
   0.000000000000000E+000
   1.134783462587826E-002
   0.000000000000000E+000
   0.000000000000000E+000
   0.000000000000000E+000
   0.000000000000000E+000
   0.000000000000000E+000
   0.000000000000000E+000
   0.000000000000000E+000
   0.000000000000000E+000
   0.000000000000000E+000
   0.000000000000000E+000
  -7.297330909220867E-003
  -2.692220659681771E-003
   4.454786676442850E-003
  -2.173457551439431E-003
   2.692876945113004E-002
  -1.093956736613029E-002
  -2.751780953072601E-002
  -1.571306365186307E-002
  -1.541667357266498E-002
   0.000000000000000E+000
   0.000000000000000E+000
   2.130181527125701E-003
   0.000000000000000E+000
   0.000000000000000E+000
  -2.081772431278064E-002
   0.000000000000000E+000
   0.000000000000000E+000
   0.000000000000000E+000
   0.000000000000000E+000
   0.000000000000000E+000
   0.000000000000000E+000
  -2.567057825460274E-002
  -1.100133702161960E-002
   8.972661930226857E-003
   4.743851882108064E-003
  -1.024768611402106E-002
  -2.223989562133144E-003
  -2.848580447112356E-003
   1.536802463026572E-003
  -1.000524201784561E-003
   1.292149361639301E-001
   6.453247282058733E-003
   1.581553714546180E-003
  -8.415408400128298E-003
   7.553400953325734E-003
   0.000000000000000E+000
   0.000000000000000E+000
   3.876811445100382E-004
   0.000000000000000E+000
   0.000000000000000E+000
   4.482257168826539E-003
   0.000000000000000E+000
   0.000000000000000E+000
   0.000000000000000E+000
   0.000000000000000E+000
   0.000000000000000E+000
   0.000000000000000E+000
  -3.735276535689759E-003
  -6.416614328091129E-003
   5.087620561012564E-004
  -6.183437665951456E-004
  -5.049657962505966E-003
  -1.720231318359804E-003
   2.350770548250867E-002
  -1.030005546160034E-002
   2.286224583109750E-002
   4.483319091753733E-003
   4.965757116468179E-002
   0.000000000000000E+000
   0.000000000000000E+000
   0.000000000000000E+000
   0.000000000000000E+000
   0.000000000000000E+000
   0.000000000000000E+000
   0.000000000000000E+000
   0.000000000000000E+000
   0.000000000000000E+000
   0.000000000000000E+000
   0.000000000000000E+000
   0.000000000000000E+000
   0.000000000000000E+000
   0.000000000000000E+000
   0.000000000000000E+000
   0.000000000000000E+000
   0.000000000000000E+000
   0.000000000000000E+000
   0.000000000000000E+000
   0.000000000000000E+000
   0.000000000000000E+000
   0.000000000000000E+000
   0.000000000000000E+000
   0.000000000000000E+000
   0.000000000000000E+000
   0.000000000000000E+000
   0.000000000000000E+000
   8.760413897402837E-002
   0.000000000000000E+000
   0.000000000000000E+000
   0.000000000000000E+000
   0.000000000000000E+000
   0.000000000000000E+000
   0.000000000000000E+000
   0.000000000000000E+000
   0.000000000000000E+000
   0.000000000000000E+000
   0.000000000000000E+000
   0.000000000000000E+000
   0.000000000000000E+000
   0.000000000000000E+000
   0.000000000000000E+000
   0.000000000000000E+000
   0.000000000000000E+000
   0.000000000000000E+000
   0.000000000000000E+000
   0.000000000000000E+000
   0.000000000000000E+000
   0.000000000000000E+000
   0.000000000000000E+000
   0.000000000000000E+000
   0.000000000000000E+000
   0.000000000000000E+000
   0.000000000000000E+000
   0.000000000000000E+000
   0.000000000000000E+000
   3.190916537703205E-002
   0.000000000000000E+000
   0.000000000000000E+000
   0.000000000000000E+000
   0.000000000000000E+000
   0.000000000000000E+000
   0.000000000000000E+000
   0.000000000000000E+000
   0.000000000000000E+000
   0.000000000000000E+000
   0.000000000000000E+000
   0.000000000000000E+000
   0.000000000000000E+000
   0.000000000000000E+000
   0.000000000000000E+000
   0.000000000000000E+000
   0.000000000000000E+000
   0.000000000000000E+000
   0.000000000000000E+000
   0.000000000000000E+000
   0.000000000000000E+000
   0.000000000000000E+000
   0.000000000000000E+000
   0.000000000000000E+000
   0.000000000000000E+000
   0.000000000000000E+000
   0.000000000000000E+000
   0.000000000000000E+000
   0.000000000000000E+000
   0.000000000000000E+000
   1.453984173609266E-001
   0.000000000000000E+000
   0.000000000000000E+000
   0.000000000000000E+000
   0.000000000000000E+000
   0.000000000000000E+000
   0.000000000000000E+000
   0.000000000000000E+000
   0.000000000000000E+000
   0.000000000000000E+000
   0.000000000000000E+000
   0.000000000000000E+000
   0.000000000000000E+000
   0.000000000000000E+000
   0.000000000000000E+000
   0.000000000000000E+000
   0.000000000000000E+000
   0.000000000000000E+000
   0.000000000000000E+000
   0.000000000000000E+000
   0.000000000000000E+000
   0.000000000000000E+000
   0.000000000000000E+000
   0.000000000000000E+000
   0.000000000000000E+000
   0.000000000000000E+000
   0.000000000000000E+000
   0.000000000000000E+000
   0.000000000000000E+000
   0.000000000000000E+000
   0.000000000000000E+000
   7.685303655064452E-002
   0.000000000000000E+000
   0.000000000000000E+000
   0.000000000000000E+000
   0.000000000000000E+000
   0.000000000000000E+000
   0.000000000000000E+000
   0.000000000000000E+000
   0.000000000000000E+000
   0.000000000000000E+000
   0.000000000000000E+000
   0.000000000000000E+000
   0.000000000000000E+000
   0.000000000000000E+000
   0.000000000000000E+000
   0.000000000000000E+000
   0.000000000000000E+000
   0.000000000000000E+000
   0.000000000000000E+000
   0.000000000000000E+000
   0.000000000000000E+000
   0.000000000000000E+000
   0.000000000000000E+000
   0.000000000000000E+000
   0.000000000000000E+000
   0.000000000000000E+000
   0.000000000000000E+000
   0.000000000000000E+000
   0.000000000000000E+000
   0.000000000000000E+000
   0.000000000000000E+000
   0.000000000000000E+000
   3.320559813473768E-002
   0.000000000000000E+000
   0.000000000000000E+000
   0.000000000000000E+000
   0.000000000000000E+000
   0.000000000000000E+000
   0.000000000000000E+000
   0.000000000000000E+000
   0.000000000000000E+000
   0.000000000000000E+000
   0.000000000000000E+000
   0.000000000000000E+000
   0.000000000000000E+000
   0.000000000000000E+000
   0.000000000000000E+000
   0.000000000000000E+000
   0.000000000000000E+000
   0.000000000000000E+000
   0.000000000000000E+000
   0.000000000000000E+000
   0.000000000000000E+000
   0.000000000000000E+000
   0.000000000000000E+000
   0.000000000000000E+000
   0.000000000000000E+000
   0.000000000000000E+000
   0.000000000000000E+000
   0.000000000000000E+000
   0.000000000000000E+000
   0.000000000000000E+000
   0.000000000000000E+000
   0.000000000000000E+000
   0.000000000000000E+000
   5.709186627695882E-003
   0.000000000000000E+000
   0.000000000000000E+000
   0.000000000000000E+000
   2.887646326120674E-002
   0.000000000000000E+000
   0.000000000000000E+000
   0.000000000000000E+000
   0.000000000000000E+000
   0.000000000000000E+000
   0.000000000000000E+000
   0.000000000000000E+000
   0.000000000000000E+000
   0.000000000000000E+000
   0.000000000000000E+000
   0.000000000000000E+000
   0.000000000000000E+000
   0.000000000000000E+000
   0.000000000000000E+000
   0.000000000000000E+000
   0.000000000000000E+000
   0.000000000000000E+000
   0.000000000000000E+000
   0.000000000000000E+000
   0.000000000000000E+000
   0.000000000000000E+000
   0.000000000000000E+000
   0.000000000000000E+000
  -3.988207617910569E-003
  -1.596769727188799E-002
   0.000000000000000E+000
   0.000000000000000E+000
   0.000000000000000E+000
   0.000000000000000E+000
   4.287502168554976E-002
   0.000000000000000E+000
   0.000000000000000E+000
   0.000000000000000E+000
   0.000000000000000E+000
   0.000000000000000E+000
   0.000000000000000E+000
  -4.300818369728456E-003
   0.000000000000000E+000
   0.000000000000000E+000
   0.000000000000000E+000
   0.000000000000000E+000
   0.000000000000000E+000
   0.000000000000000E+000
   0.000000000000000E+000
   0.000000000000000E+000
   0.000000000000000E+000
   0.000000000000000E+000
   0.000000000000000E+000
   0.000000000000000E+000
   0.000000000000000E+000
   0.000000000000000E+000
   0.000000000000000E+000
   0.000000000000000E+000
   0.000000000000000E+000
   0.000000000000000E+000
   0.000000000000000E+000
   0.000000000000000E+000
   0.000000000000000E+000
   0.000000000000000E+000
   8.699323614299518E-003
   2.160524097593255E-002
   0.000000000000000E+000
   0.000000000000000E+000
  -4.201402683395277E-003
   7.323009942896838E-002
   0.000000000000000E+000
   0.000000000000000E+000
   0.000000000000000E+000
   0.000000000000000E+000
   0.000000000000000E+000
   0.000000000000000E+000
   0.000000000000000E+000
   0.000000000000000E+000
   0.000000000000000E+000
   2.193088500838389E-002
   0.000000000000000E+000
   0.000000000000000E+000
   0.000000000000000E+000
   0.000000000000000E+000
   0.000000000000000E+000
   0.000000000000000E+000
   0.000000000000000E+000
   0.000000000000000E+000
   0.000000000000000E+000
   0.000000000000000E+000
   0.000000000000000E+000
   0.000000000000000E+000
   0.000000000000000E+000
   0.000000000000000E+000
   0.000000000000000E+000
   0.000000000000000E+000
   0.000000000000000E+000
   0.000000000000000E+000
   0.000000000000000E+000
   0.000000000000000E+000
   0.000000000000000E+000
  -1.573243168529086E-002
  -5.426110567321521E-003
   6.653946290832820E-003
  -3.456145250407955E-003
   2.784070754003879E-002
  -3.690171576237324E-002
  -1.058939482120082E-001
  -4.681524357159583E-002
  -6.252414472843471E-002
   0.000000000000000E+000
   0.000000000000000E+000
   1.373774365401682E-002
   0.000000000000000E+000
   0.000000000000000E+000
  -1.040399012106512E-001
   0.000000000000000E+000
   0.000000000000000E+000
   0.000000000000000E+000
   0.000000000000000E+000
   0.000000000000000E+000
   0.000000000000000E+000
   0.000000000000000E+000
   0.000000000000000E+000
   0.000000000000000E+000
   0.000000000000000E+000
   0.000000000000000E+000
   0.000000000000000E+000
   0.000000000000000E+000
   0.000000000000000E+000
   0.000000000000000E+000
   0.000000000000000E+000
   0.000000000000000E+000
  -1.133528627742537E-001
  -4.128794925198678E-002
   5.241576638327078E-002
   2.770532776628484E-002
  -5.224849666680741E-002
  -8.983317128544362E-003
  -1.154250062595477E-002
   9.374285578366016E-003
  -1.215269417428284E-003
   7.644936460288365E-001
   2.627655719112616E-002
   7.175700897372666E-003
  -3.042501268796551E-002
   4.030061032912436E-002
   0.000000000000000E+000
   0.000000000000000E+000
   4.451602768525363E-003
   0.000000000000000E+000
   0.000000000000000E+000
   2.934202303936508E-002
   0.000000000000000E+000
   0.000000000000000E+000
   0.000000000000000E+000
   0.000000000000000E+000
   0.000000000000000E+000
   0.000000000000000E+000
   0.000000000000000E+000
   0.000000000000000E+000
   0.000000000000000E+000
   0.000000000000000E+000
   0.000000000000000E+000
   0.000000000000000E+000
   0.000000000000000E+000
   0.000000000000000E+000
   0.000000000000000E+000
   0.000000000000000E+000
   0.000000000000000E+000
  -2.632516692100438E-002
  -3.519448802559394E-002
   4.644138690327813E-003
  -5.904037057019799E-003
  -4.264101183690619E-002
  -1.316898588582800E-002
   1.048459165016721E-001
  -5.504141706506836E-002
   8.161669243547416E-002
   6.722608025231379E-002
   5.446740983834255E-001
       11.701130555109120
        2.878314063854378
        4.109855033797746
  -4.688883583377140E-001
        1.490556664267046
        7.415342007213770
        1.338131313935236
        1.483642986535865
        2.017562469944719
       13.110358170610203
        1.878571304621780
        1.630039278272387
   8.909750606469902E-001
        1.673184402020908
        6.901985972475035
        2.797890521070793
        1.963582125050317
        1.080940381880404
       -3.303765515217968
        5.044450449662778
       19.081389527039899
  -1.086539473490812E-001
  -3.893904496947018E-001
  -6.423203155662334E-001
  -5.808437724794956E-001
  -4.939446269281023E-001
       -1.083378192774830
        6.868379631090908
  -3.029376399987421E-002
  -3.153795920775335E-001
  -4.067992641862526E-001
  -3.224229959637434E-001
  -5.270486303940728E-001
  -7.540400906600713E-001
   9.681319834254497E-001
        2.798095210472072
       -1.170371834076116
  -1.375089762704698E-001
   1.535515555199090E-001
  -7.073850143980261E-001
  -2.332260087637258E-001
   5.968386209556540E-001
  -1.949261269478829E-001
   5.042045821692610E-001
        6.826534159603640
        1.544556649430632
        1.576456905965723
        1.556628417174688
        1.789482379780348
        1.988295004274479
        2.657804597056689
  -8.507738497528424E-001
  -5.324982403414731E-001
  -5.276278693430617E-001
        6.062531220802771
        1.422929367444962
        1.215900660052366
   3.749065313144500E-001
        2.807797673590410
        1.042593968648398
  -8.839835205902957E-001
  -1.777483431198772E-002
  -2.285618888877687E-001
  -5.363862085508585E-001
  -7.047623698088814E-001
       12.723842462148355
   9.277926874868800E-001
   2.882710707463027E-001
  -1.922608047171677E-001
        2.607348592584601
   7.090783555186777E-001
   9.248679176898320E-001
   1.488350570243571E-001
   4.097057809905232E-001
  -6.510145357124113E-001
       -3.298218142214823
       14.087270268254022
       57.208262659390989
        9.840150485829165
        1.463541382926259
       -5.832632331728770
      -11.489753682673133
        3.189383533626988
       14.917980506583270
   1.539725116355443E-001
  -2.835836026218142E-002
  -2.121909112417236E-001
  -3.370054785562715E-001
       -1.543662750081332
   1.027779367995201E-001
       46.729694568376750
       -2.111380699763302
  -4.198853719398745E-001
        1.590008168065103
  -1.498356606911890E-001
  -3.085931977634861E-001
       -1.005974543027347
        1.234161766289759
   2.832380183628936E-001
       -1.160731416524364
   1.719845798760908E-001
   3.940411877857906E-001
  -8.943267080818613E-002
       -7.007844330321933
       11.094879787868910
        7.059322372273498
   5.091152005189732E-001
       -6.314929014055167
  -7.470275274822765E-001
  -5.957868134887755E-002
       -1.576320516647333
        1.136809725812216
   2.938124285100996E-001
  -3.824765708403038E-001
       -6.231371119753370
       12.563053302353309
       22.761184418953405
       21.114140306451731
       -6.813966293254654
       48.034845764099622
       -5.681515584886191
  -7.472158259539345E-001
        3.926772521691554
        2.685457009614276
  -6.715754107631836E-001
       -2.610290178843274
   1.485108819562555E-001
   4.903149414119288E-002
  -1.985152335301301E-001
   8.814472405413197E-001
       -1.035592535270804
       -2.348389278366932
      -19.323561570978367
        5.780929742504490
      -17.704016091516479
       13.616972291347270
        2.562148522348089
        2.666813849427974
        2.445980483591376
        2.795589981865673
        1.500042512953810
        1.392729859975269
  -5.104651777526354E-001
  -3.594649923877030E-001
  -3.375310275470644E-001
        2.433997372142643
   8.207772889270681E-001
  -1.677666955879786E-001
  -7.626877334940585E-001
  -1.676657284682546E-002
       -1.605397821537849
   2.898974517991634E-001
       44.728095411206006
        3.907038868788296
        3.133308817411148
        2.189562262957307
  -3.456023387338708E-001
        1.384646989167464
        2.738066775549594
  -8.159553451039248E-001
  -3.692125802277897E-001
  -2.511136633639101E-001
        2.161093084617480
   5.424202130293357E-001
  -3.490144314640738E-001
        3.457225469859125
  -2.301099751815345E-001
  -4.148841262800889E-001
       -1.197295917127592
       33.787410004501254
      111.307943876202245
  -4.212181848722097E-001
  -5.186251946574966E-001
  -6.008132656022297E-001
  -4.782887128723809E-001
  -3.567594601406066E-001
  -3.993215645409647E-001
   7.063152824986081E-001
   8.514898254672987E-002
   5.301781651843978E-002
  -7.374286912284364E-001
  -3.709673586217500E-002
   3.254495075590972E-001
   1.790900864167777E-001
   5.864137467819366E-002
   7.511558691651908E-001
  -1.698185404433127E-001
       -5.829870045252195
       -2.526341629310108
       22.482391817857515
  -5.728576420143835E-001
  -6.518474309883079E-001
  -1.962484090799382E-002
   2.615819461132436E-001
  -4.629394019021770E-001
       -1.009011894354386
   1.271063822168656E-001
   7.388206009206165E-002
   6.195704979095482E-002
       -1.519532516057485
   4.247813225130488E-001
        1.215163956834783
       -1.120212630293357
   1.333271535974904E-001
        1.202795071744225
   1.677015950237650E-001
       -1.579518617575674
   7.112488705030366E-001
        6.355653296560176
       43.807058776516087
        2.421281990770194
        2.343679763367485
        1.797573754084973
        2.650406749754962
        1.117908440218526
   6.730452001553051E-001
  -9.661006836011845E-001
  -1.940591283632563E-001
  -2.672312938042242E-001
   8.921058484422403E-001
        1.058775530821125
   6.243320414677069E-001
  -5.504556955497124E-001
  -3.182884447015929E-001
   3.453927685208446E-001
  -9.196334310986257E-002
        7.729930666513940
       12.969566985623507
       -4.124200091199658
   4.221715450111932E-001
       77.071150366547300
        3.630907163070777
        2.410920101806241
   1.447691128376899E-001
        2.908259623759158
        1.109146693416211
   8.026890576361121E-001
       -1.151943651035837
  -1.328854714485566E-001
  -2.374481824491340E-001
        1.503076889844085
   7.522472734838576E-001
   4.826963320240931E-002
        1.358939739166830
  -9.869980655959262E-001
        1.557314925187472
       -1.283034249606221
        7.423869644662388
        7.171901918004369
       -5.845955901935523
       -6.998021996619825
       63.862160840135623
      357.779042864504618
        7.729486104525609
        2.134510323410014
       -4.695718420977944
      -10.104619326504276
   4.495207718376326E-001
        5.476199809178067
  -3.107878189495612E-002
   1.870771858063243E-001
  -2.797061246816864E-001
   7.134513774073351E-001
       -1.348621150903514
       -2.204666962902361
       19.109150873788071
       -2.211319425054183
        6.875122497152145
       -7.755458737222050
       14.905506715383121
       41.438250989679631
       -2.504051791422739
       -3.990212518191776
        7.938740825748071
       32.171944210141241
      122.095913530852798
       -1.065852764824595
  -2.020757762792461E-001
   7.880862171133443E-001
  -2.728633539282262E-001
  -3.694352262723441E-002
   8.730379446684994E-002
   4.648034990503501E-001
  -1.224209099931352E-002
   9.969941971072251E-002
   2.796580664562636E-001
  -2.692123352890987E-001
  -4.385429393949826E-001
       -1.162987889907178
   4.345009028366990E-001
       -1.622854304361749
   9.336296960688529E-001
        1.121109314213311
        1.641103752353304
       -2.209111192361108
       -9.278300025636675
        3.640903225764809
       12.160476362101784
       -5.713747345291265
       44.105682342862494
        6.003998535750705
        1.519344612162955
       -3.874016595283429
  -9.698585243627691E-002
  -1.036758015017875E-001
  -2.962761252547639E-001
        1.214121597513413
   3.696004822528299E-001
  -3.846792669745031E-001
       -3.399627284360186
        1.716540257002416
        3.230231745875568
        7.490919000226278
       -1.918520558873861
       10.688711223211399
       -5.231503023193723
  -2.532711137911722E-001
        2.706709607382531
  -7.985337704289806E-002
       -1.254586038753872
       28.727562016141366
       57.350807128079538
       47.139162386587223
      -13.086709984342017
       93.977114101829983
        3.681705223631038
        2.923954068265560
        2.192438120797016
        2.775538943333840
        1.766621463455632
        1.840223668762107
  -5.712578360521439E-001
  -3.686359869770184E-001
  -4.354999314058208E-001
        2.846846574305886
   8.374202191660669E-001
  -3.886410647846391E-001
   3.969734709786873E-001
  -3.001974629602674E-001
       -1.128997602327052
  -2.800985410961785E-001
       15.296868159062097
       19.010106313554296
       -2.570132592307283
       -1.721717023900119
        9.254452462934228
       19.190851772994193
        9.447413011971348
  -9.430893528751529E-001
        4.701839076013689
       24.258143804746187
       -7.688027468463469
       -1.849451453800477
        5.672865397198920
        2.720608625468448
  -4.263972321759714E-001
       -1.823840443874035
   3.317761912221418E-001
  -2.797568896032850E-001
   5.763707404202552E-001
   9.458873665034373E-001
  -6.295216518703781E-001
  -9.255695269248916E-001
      -12.658007533672279
        2.663716728187364
      -10.007755892535140
        7.058069839063545
        1.606624825417313
       -4.643032187292971
        2.101415103123308
       -1.494549634779969
      -11.156543230937345
      -36.970236218328850
      -73.413506883674486
       15.110340052291290
      -58.860184715276070
       -4.944207046768295
       97.807350513394283
        2.730416352348299
        2.952755017425211
        2.692183310087682
        4.182152476340596
        1.692038331114514
        1.095856102801481
  -6.549467131877355E-001
  -4.251175747144320E-001
  -4.017631058877674E-001
        2.726851147757866
        1.113527733382382
   6.615843116870293E-002
       -1.886601478457206
  -3.534492753556469E-002
       -1.740060441960766
   5.187990357118287E-001
        2.825582129282794
        2.280905977750570
  -6.609018383373856E-001
  -7.022315070485231E-001
        2.312581327672160
        2.452640010728351
       -1.111592114570037
   5.167697543717278E-003
  -3.171111720357514E-001
        3.148570785331068
   3.050171481374928E-001
       16.147737387333308
        3.593163217799234
        3.244477492440426
        2.845157757303582
  -3.662045024136176E-001
        1.773308714221108
        3.363412655106042
  -7.143909542946799E-001
  -4.490965395419878E-001
  -3.339551074804991E-001
        3.577492318702244
   5.803112464929822E-002
       -1.652159715991493
        3.093407227764984
  -2.548251088614939E-002
       -2.578586565990038
  -5.881794515652472E-001
        2.762614934480733
        3.567516208728159
  -7.217218560215890E-001
       -1.213070154111655
        1.892850530638084
        2.078395201032306
        3.510863674153049
   1.302773946677795E-001
  -6.538085049627349E-001
        3.249711950115624
  -9.518492628185911E-001
       10.523370130577058
       40.587099880387392
  -9.526296794071341E-001
  -6.664487592290318E-001
  -4.764630333651874E-001
  -8.894438624149994E-001
  -5.210381182955270E-001
  -5.151466152414526E-001
        1.107674893327973
   1.268280050304255E-001
   7.630034354824039E-002
  -9.118205558335142E-001
  -2.066199949334537E-001
   1.943966148550544E-001
   3.791447179152807E-003
   2.451449352029085E-001
   4.465871659173984E-001
   4.345525877490636E-002
  -7.552283927571974E-001
  -7.461965574261809E-001
   1.662675813337082E-001
   1.576369809968508E-001
  -5.389853596591246E-001
  -5.215786344579012E-001
  -7.441901382445032E-002
   7.626201516505432E-002
   4.683619717678258E-002
  -8.384988195517308E-001
   1.638860101147374E-001
       -1.426751122246245
       -1.628246459862007
        7.469670654463767
       -1.523176563117625
  -3.221259384156906E-001
   2.581230415859437E-001
       -1.358687855545430
  -5.062668567472586E-001
  -4.420742661097221E-001
   2.986482057253788E-001
   1.117939185887284E-001
   8.833137441615491E-002
       -1.254600563698170
  -1.699420914728214E-001
   2.719436247510448E-001
  -4.197973123367563E-001
   3.482503209780365E-001
   6.491996259906152E-003
   4.591204874943249E-001
  -6.536856872547711E-001
  -4.995390730874730E-001
   1.384315660322802E-001
   1.273197888437923E-001
  -4.302739353470562E-001
  -3.658607628027267E-001
  -1.838313340237429E-001
   1.645039023628292E-001
  -2.002243001271545E-001
  -7.924608548794778E-001
   6.823829770043515E-001
       -1.530373903737000
  -2.966725815422385E-001
        2.472892221321155
       15.154959866870481
        6.108712708308691
        4.841445555732791
        3.575902077962199
        8.386319499139208
        2.344362034247965
   2.625147462209165E-001
       -1.409956623609135
  -4.634833626791742E-001
  -5.660042428803734E-001
        1.182736569914467
        3.203059535196774
        2.934684849106921
       -3.045618708193525
  -8.576115421498272E-001
        2.548536871198943
  -3.149464990109738E-001
        4.260551981327148
        3.430155745036750
  -7.832952802851060E-001
  -9.604521754751802E-002
        4.299881662516524
        4.199085453225433
       -2.538842846676643
  -5.609484786648182E-001
        3.032413442593268
        4.635407725356563
       -1.334027270522131
       13.223657569312234
        6.581919358792802
       -5.572649600466134
       -5.659099908223808
       63.657490312560739
        7.032681846386485
        6.696782988140218
        4.330440413432233
       11.621122978943353
        2.574816930284584
  -8.924810836832506E-001
   2.299221759654244E-001
  -3.837062090161352E-001
  -7.254500884148501E-001
  -5.972136740349936E-001
        4.766041452283542
        5.268856845655720
       -4.943704038397574
  -8.930410506852887E-001
        5.597427349417680
  -3.967106971484970E-001
        5.123164926736409
        4.016637708047205
  -7.904106621476259E-001
   5.634751205243602E-001
        5.648350658451154
        5.170500769843333
       -4.632186409245369
  -8.153626205310434E-001
        5.328586197678606
        5.410458788975277
       -1.779355874259434
       15.664015972001669
       18.507875059204878
       -5.116131715437772
        1.291711643329631
       65.017450600285500
      246.713778448052949
        9.925679106225012
        3.249450649146752
       -4.325646891961563
      -12.651837643349221
   8.956632994418581E-001
        7.382603245279819
   8.942711912359773E-001
   1.517937899778234E-001
  -4.346768158650956E-001
        1.287893540881736
       -1.531840883491681
       -2.835388941225122
       23.477532596624158
       -2.299728990097639
        7.535980714653750
       -9.188011917567049
   3.520613933467217E-001
        5.256710940164947
  -8.574024156263568E-002
       -1.474422974932100
  -7.683504481726944E-004
        1.422311774264335
       20.506642048791477
  -9.246335708158570E-001
        6.443509996660648
        1.579670688477990
      -12.249872335743818
        3.661004896797158
       22.713304104684919
   6.613377915550910E-001
  -2.983448234863713E-001
       -1.749344684936635
       -2.215651601946427
       87.973770773979382
       -1.901741707503755
  -8.549847185421661E-001
   5.912834617320253E-001
   7.577566199119294E-001
  -1.752560613844385E-001
  -5.200508219689239E-001
  -5.123523454439886E-002
  -1.469903026200490E-002
   1.880179072599126E-001
   5.144975106638436E-001
  -3.328702854859804E-001
  -5.105490499784766E-001
       -2.761303781308754
   4.985308106393411E-001
       -2.346442155299862
        1.501533950200673
  -1.886074760930929E-001
  -6.950930249395281E-001
   3.987668064173953E-002
   1.546130511592375E-001
  -4.100409506773234E-001
  -9.372080802817456E-001
       -2.493495995034457
   2.561142652083409E-001
       -1.799495524029584
  -4.045102225419365E-001
        2.184322790804248
        1.431546131788614
        1.166303147806334
       -2.677162735702205
       -7.315083143802990
        3.437785344415924
        2.256113691427031
      -10.598702077545941
       28.673255988084065
       13.336581303295187
        6.277594668910538
       -3.102638985390866
        4.827961720742424
        1.172500902577066
  -4.660226216464103E-001
        1.393783223152598
   3.760780910762012E-001
  -9.200910054273648E-001
       -5.743434472832726
        5.056212542134110
        7.635940336885766
       10.054546834278739
       -3.444097629937119
       19.506723971847137
       -8.510149495048953
        2.410317105309735
        3.615145829672876
   3.190476019813848E-002
   9.711802993639220E-001
        4.527392558642777
        5.706989808559765
        7.304179794048363
       -2.125719889567539
       14.632425117266980
        3.373822961655159
      -12.637572053270024
       10.645343320511239
        4.928161158359085
       -2.959247422439257
       -1.511532208354021
       58.476831198605289
       83.147055253511539
       49.565338454777930
      -14.426141874040930
      164.193371649942151
        2.719851914141181
        2.451258461831730
        1.575586633852172
        2.871658179538510
        1.424239551859958
        1.184097848376966
  -6.418787530817441E-001
  -3.093816311658343E-001
  -3.645517365556471E-001
        2.226248521432479
   8.240988759784577E-001
  -1.032270647332509E-001
  -2.401836406757948E-001
  -2.807370272571615E-001
  -7.467927014058349E-001
  -1.624091586826650E-001
        2.228900814336107
        2.080442849407140
  -4.946371174655601E-001
  -5.297375071254004E-001
        1.768747109843799
        1.920392570287941
   1.041153033278878E-001
  -1.217223048352599E-001
   2.468535390732229E-001
        2.521874721460203
  -5.693171043368253E-001
        6.004069717234800
        5.991118380745342
       -1.644877963289255
       -1.531820531719454
       10.223525630014514
       14.769708360460601
        5.201173665931288
  -4.856784386399101E-001
       13.536390572269660
        6.772561804350189
       -4.238444371258518
       -1.215647255295594
        2.000200490685078
        1.406243393290012
  -3.780831791695191E-001
       -1.210570858125412
  -3.213295247130825E-001
  -1.140154879030012E-001
   3.249576927439252E-001
   3.215313605721930E-001
  -3.895767239511478E-001
  -4.222497424334075E-001
       -6.318382212850723
        1.143704360686166
       -4.645661873160019
        3.366550439037054
  -2.881511942055129E-001
       -1.292839947932415
  -2.231735619320319E-002
   2.045943609129171E-001
  -4.868754856732218E-001
       -1.199591682218976
       -5.231475866340606
   5.744819902825302E-001
       -3.590640579142800
  -7.313651695470775E-001
        4.703119284525272
  -6.279967932486916E-001
       -3.162846868078930
  -4.535270034871865E-001
  -5.493063339636068E-001
       -1.723486070290075
       -1.087972800192437
      -26.225891497334828
        6.702012150192608
      -31.610420934145800
       -2.583206443355187
       14.985462857904746
