   7.409277300038358E-003
           3
          28
          18
   5.617752965995746E-001
   0.000000000000000E+000
   0.000000000000000E+000
   0.000000000000000E+000
   0.000000000000000E+000
   0.000000000000000E+000
   0.000000000000000E+000
   0.000000000000000E+000
   0.000000000000000E+000
   0.000000000000000E+000
   0.000000000000000E+000
   0.000000000000000E+000
   0.000000000000000E+000
  -1.509526475177166E-001
   0.000000000000000E+000
   0.000000000000000E+000
   0.000000000000000E+000
   0.000000000000000E+000
   0.000000000000000E+000
   4.318241208985355E-001
   0.000000000000000E+000
   0.000000000000000E+000
   0.000000000000000E+000
   0.000000000000000E+000
   0.000000000000000E+000
  -5.594875078548832E-001
   0.000000000000000E+000
   0.000000000000000E+000
   0.000000000000000E+000
   0.000000000000000E+000
   0.000000000000000E+000
  -1.829593211496447E-001
   0.000000000000000E+000
   0.000000000000000E+000
   0.000000000000000E+000
   0.000000000000000E+000
   0.000000000000000E+000
   0.000000000000000E+000
   7.416113015214606E-001
   0.000000000000000E+000
   0.000000000000000E+000
   0.000000000000000E+000
   0.000000000000000E+000
   0.000000000000000E+000
       -1.108943249394855
   0.000000000000000E+000
   0.000000000000000E+000
   0.000000000000000E+000
   0.000000000000000E+000
  -1.570471887098693E-001
   0.000000000000000E+000
   0.000000000000000E+000
   0.000000000000000E+000
   0.000000000000000E+000
   0.000000000000000E+000
   0.000000000000000E+000
   0.000000000000000E+000
   5.925157528434630E-001
   0.000000000000000E+000
   0.000000000000000E+000
   0.000000000000000E+000
   0.000000000000000E+000
   0.000000000000000E+000
       -1.037007099983491
   0.000000000000000E+000
   0.000000000000000E+000
   0.000000000000000E+000
  -2.207312991485242E-001
   0.000000000000000E+000
   0.000000000000000E+000
   0.000000000000000E+000
   0.000000000000000E+000
   0.000000000000000E+000
   0.000000000000000E+000
   0.000000000000000E+000
   0.000000000000000E+000
   5.185676541995564E-001
   0.000000000000000E+000
   0.000000000000000E+000
   0.000000000000000E+000
   0.000000000000000E+000
   0.000000000000000E+000
       -1.245698333317741
   0.000000000000000E+000
   0.000000000000000E+000
  -3.215710730889434E-001
   0.000000000000000E+000
   0.000000000000000E+000
   0.000000000000000E+000
   0.000000000000000E+000
   0.000000000000000E+000
   0.000000000000000E+000
   0.000000000000000E+000
   0.000000000000000E+000
   0.000000000000000E+000
   8.108630668781864E-001
   0.000000000000000E+000
   0.000000000000000E+000
   0.000000000000000E+000
   0.000000000000000E+000
   0.000000000000000E+000
       -1.020785636346059
   0.000000000000000E+000
  -1.153460741775800E-001
   0.000000000000000E+000
   0.000000000000000E+000
   0.000000000000000E+000
   0.000000000000000E+000
   0.000000000000000E+000
   0.000000000000000E+000
   0.000000000000000E+000
   0.000000000000000E+000
   0.000000000000000E+000
   0.000000000000000E+000
   8.630721782865665E-001
   0.000000000000000E+000
   0.000000000000000E+000
   0.000000000000000E+000
   0.000000000000000E+000
   0.000000000000000E+000
       -1.174578415955530
  -1.076168805071025E-001
   0.000000000000000E+000
   0.000000000000000E+000
   0.000000000000000E+000
   0.000000000000000E+000
   0.000000000000000E+000
   0.000000000000000E+000
   0.000000000000000E+000
   0.000000000000000E+000
   0.000000000000000E+000
   0.000000000000000E+000
   0.000000000000000E+000
   9.810100574317526E-002
   0.000000000000000E+000
   0.000000000000000E+000
   0.000000000000000E+000
   0.000000000000000E+000
   0.000000000000000E+000
   8.637389570205178E-002
   0.000000000000000E+000
   0.000000000000000E+000
   0.000000000000000E+000
   0.000000000000000E+000
   0.000000000000000E+000
   0.000000000000000E+000
   0.000000000000000E+000
   0.000000000000000E+000
   0.000000000000000E+000
   0.000000000000000E+000
   0.000000000000000E+000
   0.000000000000000E+000
   4.969146325705943E-001
   0.000000000000000E+000
   0.000000000000000E+000
   0.000000000000000E+000
   0.000000000000000E+000
   1.107532720901657E-001
   0.000000000000000E+000
   0.000000000000000E+000
   0.000000000000000E+000
   0.000000000000000E+000
   0.000000000000000E+000
   0.000000000000000E+000
   0.000000000000000E+000
   0.000000000000000E+000
   0.000000000000000E+000
   0.000000000000000E+000
   0.000000000000000E+000
   7.954779240923299E-002
   5.417642165986150E-001
   0.000000000000000E+000
   0.000000000000000E+000
   0.000000000000000E+000
   0.000000000000000E+000
   1.027370967612713E-001
   0.000000000000000E+000
   0.000000000000000E+000
   0.000000000000000E+000
   0.000000000000000E+000
   0.000000000000000E+000
   0.000000000000000E+000
   0.000000000000000E+000
   0.000000000000000E+000
   0.000000000000000E+000
   0.000000000000000E+000
   0.000000000000000E+000
   0.000000000000000E+000
   0.000000000000000E+000
   2.534267596088943E-001
   0.000000000000000E+000
   0.000000000000000E+000
   0.000000000000000E+000
   1.024338334444589E-001
   0.000000000000000E+000
   0.000000000000000E+000
   0.000000000000000E+000
   0.000000000000000E+000
   0.000000000000000E+000
   0.000000000000000E+000
   0.000000000000000E+000
   0.000000000000000E+000
   0.000000000000000E+000
   0.000000000000000E+000
   0.000000000000000E+000
   9.552411833852420E-002
   0.000000000000000E+000
   2.763000742690606E-001
   0.000000000000000E+000
   0.000000000000000E+000
   0.000000000000000E+000
   9.004919240906184E-002
   0.000000000000000E+000
   0.000000000000000E+000
   0.000000000000000E+000
   0.000000000000000E+000
   0.000000000000000E+000
   0.000000000000000E+000
   0.000000000000000E+000
   0.000000000000000E+000
   0.000000000000000E+000
   0.000000000000000E+000
   0.000000000000000E+000
   0.000000000000000E+000
   4.838618300212478E-001
   2.054977837545299E-001
   0.000000000000000E+000
   0.000000000000000E+000
   0.000000000000000E+000
   1.122649843557894E-001
   0.000000000000000E+000
   0.000000000000000E+000
   0.000000000000000E+000
   0.000000000000000E+000
   0.000000000000000E+000
   0.000000000000000E+000
   0.000000000000000E+000
   0.000000000000000E+000
   0.000000000000000E+000
   0.000000000000000E+000
   0.000000000000000E+000
   0.000000000000000E+000
   0.000000000000000E+000
   0.000000000000000E+000
   1.698904783913000E-001
   0.000000000000000E+000
   0.000000000000000E+000
   9.532563191005899E-002
   0.000000000000000E+000
   0.000000000000000E+000
   0.000000000000000E+000
   0.000000000000000E+000
   0.000000000000000E+000
   0.000000000000000E+000
   0.000000000000000E+000
   0.000000000000000E+000
   0.000000000000000E+000
   0.000000000000000E+000
   0.000000000000000E+000
   1.013912466195924E-001
   0.000000000000000E+000
   0.000000000000000E+000
   1.852241328799084E-001
   0.000000000000000E+000
   0.000000000000000E+000
   8.097091412108798E-002
   0.000000000000000E+000
   0.000000000000000E+000
   0.000000000000000E+000
   0.000000000000000E+000
   0.000000000000000E+000
   0.000000000000000E+000
   0.000000000000000E+000
   0.000000000000000E+000
   0.000000000000000E+000
   0.000000000000000E+000
   0.000000000000000E+000
   0.000000000000000E+000
   5.135808106977974E-001
   0.000000000000000E+000
   1.377601830378441E-001
   0.000000000000000E+000
   0.000000000000000E+000
   1.082948202782911E-001
   0.000000000000000E+000
   0.000000000000000E+000
   0.000000000000000E+000
   0.000000000000000E+000
   0.000000000000000E+000
   0.000000000000000E+000
   0.000000000000000E+000
   0.000000000000000E+000
   0.000000000000000E+000
   0.000000000000000E+000
   0.000000000000000E+000
   0.000000000000000E+000
   0.000000000000000E+000
   2.619265204148749E-001
   1.654278469369111E-001
   0.000000000000000E+000
   0.000000000000000E+000
   9.845656384929610E-002
   0.000000000000000E+000
   0.000000000000000E+000
   0.000000000000000E+000
   0.000000000000000E+000
   0.000000000000000E+000
   0.000000000000000E+000
   0.000000000000000E+000
   0.000000000000000E+000
   0.000000000000000E+000
   0.000000000000000E+000
   0.000000000000000E+000
   0.000000000000000E+000
   0.000000000000000E+000
   0.000000000000000E+000
   0.000000000000000E+000
   6.495241842351501E-001
   0.000000000000000E+000
   1.086229869546292E-001
   0.000000000000000E+000
   0.000000000000000E+000
   0.000000000000000E+000
   0.000000000000000E+000
   0.000000000000000E+000
   0.000000000000000E+000
   0.000000000000000E+000
   0.000000000000000E+000
   0.000000000000000E+000
   0.000000000000000E+000
   0.000000000000000E+000
   6.939796480786481E-002
   0.000000000000000E+000
   0.000000000000000E+000
   0.000000000000000E+000
   7.081477134485863E-001
   0.000000000000000E+000
   1.027128077719695E-001
   0.000000000000000E+000
   0.000000000000000E+000
   0.000000000000000E+000
   0.000000000000000E+000
   0.000000000000000E+000
   0.000000000000000E+000
   0.000000000000000E+000
   0.000000000000000E+000
   0.000000000000000E+000
   0.000000000000000E+000
   0.000000000000000E+000
   0.000000000000000E+000
   3.515240636158945E-001
   0.000000000000000E+000
   0.000000000000000E+000
   5.266838457046975E-001
   0.000000000000000E+000
   1.092962886654301E-001
   0.000000000000000E+000
   0.000000000000000E+000
   0.000000000000000E+000
   0.000000000000000E+000
   0.000000000000000E+000
   0.000000000000000E+000
   0.000000000000000E+000
   0.000000000000000E+000
   0.000000000000000E+000
   0.000000000000000E+000
   0.000000000000000E+000
   0.000000000000000E+000
   0.000000000000000E+000
   1.792774825443906E-001
   0.000000000000000E+000
   6.324626803627678E-001
   0.000000000000000E+000
   1.096265704098026E-001
   0.000000000000000E+000
   0.000000000000000E+000
   0.000000000000000E+000
   0.000000000000000E+000
   0.000000000000000E+000
   0.000000000000000E+000
   0.000000000000000E+000
   0.000000000000000E+000
   0.000000000000000E+000
   0.000000000000000E+000
   0.000000000000000E+000
   0.000000000000000E+000
   0.000000000000000E+000
   0.000000000000000E+000
   1.201827988538330E-001
   6.713087827211919E-001
   0.000000000000000E+000
   1.068807303449036E-001
   0.000000000000000E+000
   0.000000000000000E+000
   0.000000000000000E+000
   0.000000000000000E+000
   0.000000000000000E+000
   0.000000000000000E+000
   0.000000000000000E+000
   0.000000000000000E+000
   0.000000000000000E+000
   0.000000000000000E+000
   0.000000000000000E+000
   0.000000000000000E+000
   0.000000000000000E+000
   0.000000000000000E+000
   0.000000000000000E+000
   0.000000000000000E+000
   7.832386646822493E-001
   1.021651613956683E-001
   0.000000000000000E+000
   0.000000000000000E+000
   0.000000000000000E+000
   0.000000000000000E+000
   0.000000000000000E+000
   0.000000000000000E+000
   0.000000000000000E+000
   0.000000000000000E+000
   0.000000000000000E+000
   0.000000000000000E+000
   0.000000000000000E+000
   5.989305242804605E-002
   0.000000000000000E+000
   0.000000000000000E+000
   0.000000000000000E+000
   0.000000000000000E+000
   8.539307433677585E-001
   9.782436055623542E-002
   0.000000000000000E+000
   0.000000000000000E+000
   0.000000000000000E+000
   0.000000000000000E+000
   0.000000000000000E+000
   0.000000000000000E+000
   0.000000000000000E+000
   0.000000000000000E+000
   0.000000000000000E+000
   0.000000000000000E+000
   0.000000000000000E+000
   0.000000000000000E+000
   3.033784813453285E-001
   0.000000000000000E+000
   0.000000000000000E+000
   0.000000000000000E+000
   6.351097650124032E-001
   1.011539313954494E-001
   0.000000000000000E+000
   0.000000000000000E+000
   0.000000000000000E+000
   0.000000000000000E+000
   0.000000000000000E+000
   0.000000000000000E+000
   0.000000000000000E+000
   0.000000000000000E+000
   0.000000000000000E+000
   0.000000000000000E+000
   0.000000000000000E+000
   0.000000000000000E+000
   0.000000000000000E+000
   1.547232068105610E-001
   0.000000000000000E+000
   0.000000000000000E+000
   7.626647894751055E-001
   1.028101323446876E-001
   0.000000000000000E+000
   0.000000000000000E+000
   0.000000000000000E+000
   0.000000000000000E+000
   0.000000000000000E+000
   0.000000000000000E+000
   0.000000000000000E+000
   0.000000000000000E+000
   0.000000000000000E+000
   0.000000000000000E+000
   0.000000000000000E+000
   0.000000000000000E+000
   0.000000000000000E+000
   0.000000000000000E+000
   1.037222733062942E-001
   0.000000000000000E+000
   8.095079557155592E-001
   1.009439107370276E-001
   0.000000000000000E+000
   0.000000000000000E+000
   0.000000000000000E+000
   0.000000000000000E+000
   0.000000000000000E+000
   0.000000000000000E+000
   0.000000000000000E+000
   0.000000000000000E+000
   0.000000000000000E+000
   0.000000000000000E+000
   0.000000000000000E+000
   0.000000000000000E+000
   0.000000000000000E+000
   0.000000000000000E+000
   0.000000000000000E+000
   3.965503281538587E-001
   5.540735171469859E-001
   9.557429906814105E-002
   0.000000000000000E+000
   0.000000000000000E+000
   0.000000000000000E+000
   0.000000000000000E+000
   6.097275471950812E-001
   0.000000000000000E+000
   0.000000000000000E+000
   0.000000000000000E+000
   0.000000000000000E+000
   0.000000000000000E+000
   0.000000000000000E+000
   0.000000000000000E+000
   0.000000000000000E+000
   0.000000000000000E+000
   0.000000000000000E+000
   0.000000000000000E+000
   0.000000000000000E+000
   0.000000000000000E+000
  -6.097275471950812E-001
  -1.733600109557076E-001
   0.000000000000000E+000
   0.000000000000000E+000
   0.000000000000000E+000
   4.767574773269468E-001
   0.000000000000000E+000
   0.000000000000000E+000
   0.000000000000000E+000
   0.000000000000000E+000
   0.000000000000000E+000
  -6.054858615360649E-001
   0.000000000000000E+000
   0.000000000000000E+000
   0.000000000000000E+000
   0.000000000000000E+000
   0.000000000000000E+000
   0.000000000000000E+000
  -6.762103041791500E-001
  -2.194295423701236E-001
   0.000000000000000E+000
   0.000000000000000E+000
   0.000000000000000E+000
   0.000000000000000E+000
   7.814470143567427E-001
   0.000000000000000E+000
   0.000000000000000E+000
   0.000000000000000E+000
   0.000000000000000E+000
   0.000000000000000E+000
       -1.093665365642257
   0.000000000000000E+000
   0.000000000000000E+000
   0.000000000000000E+000
   0.000000000000000E+000
   0.000000000000000E+000
  -4.799991920264860E-001
  -1.741557032601148E-001
   0.000000000000000E+000
   0.000000000000000E+000
   0.000000000000000E+000
   0.000000000000000E+000
   0.000000000000000E+000
   6.401449131249213E-001
   0.000000000000000E+000
   0.000000000000000E+000
   0.000000000000000E+000
   0.000000000000000E+000
   0.000000000000000E+000
       -1.064462761118982
   0.000000000000000E+000
   0.000000000000000E+000
   0.000000000000000E+000
   0.000000000000000E+000
  -5.909906546346744E-001
  -2.604694041883471E-001
   0.000000000000000E+000
   0.000000000000000E+000
   0.000000000000000E+000
   0.000000000000000E+000
   0.000000000000000E+000
   0.000000000000000E+000
   5.662797036085414E-001
   0.000000000000000E+000
   0.000000000000000E+000
   0.000000000000000E+000
   0.000000000000000E+000
   0.000000000000000E+000
       -1.295472230845332
   0.000000000000000E+000
   0.000000000000000E+000
   0.000000000000000E+000
  -6.340378909870760E-001
  -3.966633451203553E-001
   0.000000000000000E+000
   0.000000000000000E+000
   0.000000000000000E+000
   0.000000000000000E+000
   0.000000000000000E+000
   0.000000000000000E+000
   0.000000000000000E+000
   8.433772160896238E-001
   0.000000000000000E+000
   0.000000000000000E+000
   0.000000000000000E+000
   0.000000000000000E+000
   0.000000000000000E+000
  -9.989438361144064E-001
   0.000000000000000E+000
   0.000000000000000E+000
  -4.133426856083753E-001
  -1.236662173131136E-001
   0.000000000000000E+000
   0.000000000000000E+000
   0.000000000000000E+000
   0.000000000000000E+000
   0.000000000000000E+000
   0.000000000000000E+000
   0.000000000000000E+000
   0.000000000000000E+000
   8.884550473510687E-001
   0.000000000000000E+000
   0.000000000000000E+000
   0.000000000000000E+000
   0.000000000000000E+000
   0.000000000000000E+000
       -1.119936668802133
   0.000000000000000E+000
  -3.530644307612243E-001
  -1.135803620865256E-001
   0.000000000000000E+000
   0.000000000000000E+000
   0.000000000000000E+000
   0.000000000000000E+000
   0.000000000000000E+000
   0.000000000000000E+000
   0.000000000000000E+000
   0.000000000000000E+000
   0.000000000000000E+000
   1.116546968493996E-001
   0.000000000000000E+000
   0.000000000000000E+000
   0.000000000000000E+000
   0.000000000000000E+000
   0.000000000000000E+000
   0.000000000000000E+000
   0.000000000000000E+000
   1.234985400030780E-001
   0.000000000000000E+000
   0.000000000000000E+000
   0.000000000000000E+000
   0.000000000000000E+000
   0.000000000000000E+000
   0.000000000000000E+000
   0.000000000000000E+000
   0.000000000000000E+000
   0.000000000000000E+000
   0.000000000000000E+000
   4.916805922762491E-001
   0.000000000000000E+000
   0.000000000000000E+000
   0.000000000000000E+000
   0.000000000000000E+000
   0.000000000000000E+000
   0.000000000000000E+000
   1.437628484843236E-001
   0.000000000000000E+000
   0.000000000000000E+000
   0.000000000000000E+000
   0.000000000000000E+000
   0.000000000000000E+000
   0.000000000000000E+000
   0.000000000000000E+000
   0.000000000000000E+000
   0.000000000000000E+000
   8.789854504724665E-002
   5.452918838776541E-001
   0.000000000000000E+000
   0.000000000000000E+000
   0.000000000000000E+000
   0.000000000000000E+000
   0.000000000000000E+000
   0.000000000000000E+000
   1.359922298166872E-001
   0.000000000000000E+000
   0.000000000000000E+000
   0.000000000000000E+000
   0.000000000000000E+000
   0.000000000000000E+000
   0.000000000000000E+000
   0.000000000000000E+000
   0.000000000000000E+000
   0.000000000000000E+000
   0.000000000000000E+000
   0.000000000000000E+000
   2.702833876647542E-001
   0.000000000000000E+000
   0.000000000000000E+000
   0.000000000000000E+000
   0.000000000000000E+000
   0.000000000000000E+000
   1.408137211646409E-001
   0.000000000000000E+000
   0.000000000000000E+000
   0.000000000000000E+000
   0.000000000000000E+000
   0.000000000000000E+000
   0.000000000000000E+000
   0.000000000000000E+000
   0.000000000000000E+000
   0.000000000000000E+000
   1.082235544180692E-001
   0.000000000000000E+000
   2.997542306037193E-001
   0.000000000000000E+000
   0.000000000000000E+000
   0.000000000000000E+000
   0.000000000000000E+000
   0.000000000000000E+000
   1.273000447226849E-001
   0.000000000000000E+000
   0.000000000000000E+000
   0.000000000000000E+000
   0.000000000000000E+000
   0.000000000000000E+000
   0.000000000000000E+000
   0.000000000000000E+000
   0.000000000000000E+000
   0.000000000000000E+000
   0.000000000000000E+000
   4.765712758710814E-001
   2.127766873812488E-001
   0.000000000000000E+000
   0.000000000000000E+000
   0.000000000000000E+000
   0.000000000000000E+000
   0.000000000000000E+000
   1.447373787702017E-001
   0.000000000000000E+000
   0.000000000000000E+000
   0.000000000000000E+000
   0.000000000000000E+000
   0.000000000000000E+000
   0.000000000000000E+000
   0.000000000000000E+000
   0.000000000000000E+000
   0.000000000000000E+000
   0.000000000000000E+000
   0.000000000000000E+000
   0.000000000000000E+000
   1.871015759812453E-001
   0.000000000000000E+000
   0.000000000000000E+000
   0.000000000000000E+000
   0.000000000000000E+000
   1.338453915709984E-001
   0.000000000000000E+000
   0.000000000000000E+000
   0.000000000000000E+000
   0.000000000000000E+000
   0.000000000000000E+000
   0.000000000000000E+000
   0.000000000000000E+000
   0.000000000000000E+000
   0.000000000000000E+000
   1.161064623615315E-001
   0.000000000000000E+000
   0.000000000000000E+000
   2.075025381233044E-001
   0.000000000000000E+000
   0.000000000000000E+000
   0.000000000000000E+000
   0.000000000000000E+000
   1.174692232166649E-001
   0.000000000000000E+000
   0.000000000000000E+000
   0.000000000000000E+000
   0.000000000000000E+000
   0.000000000000000E+000
   0.000000000000000E+000
   0.000000000000000E+000
   0.000000000000000E+000
   0.000000000000000E+000
   0.000000000000000E+000
   5.112843059169957E-001
   0.000000000000000E+000
   1.472930093301915E-001
   0.000000000000000E+000
   0.000000000000000E+000
   0.000000000000000E+000
   0.000000000000000E+000
   1.417197290935176E-001
   0.000000000000000E+000
   0.000000000000000E+000
   0.000000000000000E+000
   0.000000000000000E+000
   0.000000000000000E+000
   0.000000000000000E+000
   0.000000000000000E+000
   0.000000000000000E+000
   0.000000000000000E+000
   0.000000000000000E+000
   0.000000000000000E+000
   2.810598108485551E-001
   1.813519552807036E-001
   0.000000000000000E+000
   0.000000000000000E+000
   0.000000000000000E+000
   0.000000000000000E+000
   1.368551694277587E-001
   0.000000000000000E+000
   0.000000000000000E+000
   0.000000000000000E+000
   0.000000000000000E+000
   0.000000000000000E+000
   0.000000000000000E+000
   0.000000000000000E+000
   0.000000000000000E+000
   0.000000000000000E+000
   0.000000000000000E+000
   0.000000000000000E+000
   0.000000000000000E+000
   0.000000000000000E+000
   6.180876277224809E-001
   0.000000000000000E+000
   0.000000000000000E+000
   0.000000000000000E+000
   1.364789622417165E-001
   0.000000000000000E+000
   0.000000000000000E+000
   0.000000000000000E+000
   0.000000000000000E+000
   0.000000000000000E+000
   0.000000000000000E+000
   0.000000000000000E+000
   0.000000000000000E+000
   0.000000000000000E+000
   7.569225380882083E-002
   0.000000000000000E+000
   0.000000000000000E+000
   0.000000000000000E+000
   6.854819413593979E-001
   0.000000000000000E+000
   0.000000000000000E+000
   0.000000000000000E+000
   1.311700386306784E-001
   0.000000000000000E+000
   0.000000000000000E+000
   0.000000000000000E+000
   0.000000000000000E+000
   0.000000000000000E+000
   0.000000000000000E+000
   0.000000000000000E+000
   0.000000000000000E+000
   0.000000000000000E+000
   0.000000000000000E+000
   3.333170321857831E-001
   0.000000000000000E+000
   0.000000000000000E+000
   4.865805444959428E-001
   0.000000000000000E+000
   0.000000000000000E+000
   0.000000000000000E+000
   1.311396472552459E-001
   0.000000000000000E+000
   0.000000000000000E+000
   0.000000000000000E+000
   0.000000000000000E+000
   0.000000000000000E+000
   0.000000000000000E+000
   0.000000000000000E+000
   0.000000000000000E+000
   0.000000000000000E+000
   0.000000000000000E+000
   0.000000000000000E+000
   1.832288238355330E-001
   0.000000000000000E+000
   5.990938303668769E-001
   0.000000000000000E+000
   0.000000000000000E+000
   0.000000000000000E+000
   1.369285007068766E-001
   0.000000000000000E+000
   0.000000000000000E+000
   0.000000000000000E+000
   0.000000000000000E+000
   0.000000000000000E+000
   0.000000000000000E+000
   0.000000000000000E+000
   0.000000000000000E+000
   0.000000000000000E+000
   0.000000000000000E+000
   0.000000000000000E+000
   0.000000000000000E+000
   1.268387302712822E-001
   6.427312948696116E-001
   0.000000000000000E+000
   0.000000000000000E+000
   0.000000000000000E+000
   1.352251354387934E-001
   0.000000000000000E+000
   0.000000000000000E+000
   0.000000000000000E+000
   0.000000000000000E+000
   0.000000000000000E+000
   0.000000000000000E+000
   0.000000000000000E+000
   0.000000000000000E+000
   0.000000000000000E+000
   0.000000000000000E+000
   0.000000000000000E+000
   0.000000000000000E+000
   0.000000000000000E+000
   0.000000000000000E+000
   7.225881485234689E-001
   0.000000000000000E+000
   0.000000000000000E+000
   1.249789620775076E-001
   0.000000000000000E+000
   0.000000000000000E+000
   0.000000000000000E+000
   0.000000000000000E+000
   0.000000000000000E+000
   0.000000000000000E+000
   0.000000000000000E+000
   0.000000000000000E+000
   0.000000000000000E+000
   6.465396252194847E-002
   0.000000000000000E+000
   0.000000000000000E+000
   0.000000000000000E+000
   0.000000000000000E+000
   8.013768673518210E-001
   0.000000000000000E+000
   0.000000000000000E+000
   1.213604694582533E-001
   0.000000000000000E+000
   0.000000000000000E+000
   0.000000000000000E+000
   0.000000000000000E+000
   0.000000000000000E+000
   0.000000000000000E+000
   0.000000000000000E+000
   0.000000000000000E+000
   0.000000000000000E+000
   0.000000000000000E+000
   2.847090134387747E-001
   0.000000000000000E+000
   0.000000000000000E+000
   0.000000000000000E+000
   5.688470679318154E-001
   0.000000000000000E+000
   0.000000000000000E+000
   1.186304495538045E-001
   0.000000000000000E+000
   0.000000000000000E+000
   0.000000000000000E+000
   0.000000000000000E+000
   0.000000000000000E+000
   0.000000000000000E+000
   0.000000000000000E+000
   0.000000000000000E+000
   0.000000000000000E+000
   0.000000000000000E+000
   0.000000000000000E+000
   1.565083468002471E-001
   0.000000000000000E+000
   0.000000000000000E+000
   7.003830561562454E-001
   0.000000000000000E+000
   0.000000000000000E+000
   1.251047235165339E-001
   0.000000000000000E+000
   0.000000000000000E+000
   0.000000000000000E+000
   0.000000000000000E+000
   0.000000000000000E+000
   0.000000000000000E+000
   0.000000000000000E+000
   0.000000000000000E+000
   0.000000000000000E+000
   0.000000000000000E+000
   0.000000000000000E+000
   0.000000000000000E+000
   1.083416875655954E-001
   0.000000000000000E+000
   7.513983382408873E-001
   0.000000000000000E+000
   0.000000000000000E+000
   1.242430124920062E-001
   0.000000000000000E+000
   0.000000000000000E+000
   0.000000000000000E+000
   0.000000000000000E+000
   0.000000000000000E+000
   0.000000000000000E+000
   0.000000000000000E+000
   0.000000000000000E+000
   0.000000000000000E+000
   0.000000000000000E+000
   0.000000000000000E+000
   0.000000000000000E+000
   0.000000000000000E+000
   3.579053586249937E-001
   4.898524386399641E-001
   0.000000000000000E+000
   0.000000000000000E+000
   1.094989672781208E-001
   0.000000000000000E+000
   0.000000000000000E+000
   5.318262924426035E-001
   0.000000000000000E+000
   0.000000000000000E+000
   0.000000000000000E+000
   0.000000000000000E+000
   0.000000000000000E+000
   0.000000000000000E+000
   0.000000000000000E+000
   0.000000000000000E+000
   0.000000000000000E+000
   0.000000000000000E+000
   0.000000000000000E+000
   0.000000000000000E+000
   0.000000000000000E+000
   0.000000000000000E+000
   0.000000000000000E+000
  -5.318262924426035E-001
  -1.191829687460882E-001
   0.000000000000000E+000
   4.048588201504749E-001
   0.000000000000000E+000
   0.000000000000000E+000
   0.000000000000000E+000
   0.000000000000000E+000
   0.000000000000000E+000
  -5.469426590951602E-001
   0.000000000000000E+000
   0.000000000000000E+000
   0.000000000000000E+000
   0.000000000000000E+000
   0.000000000000000E+000
   0.000000000000000E+000
   0.000000000000000E+000
   0.000000000000000E+000
  -5.742326422618871E-001
  -1.395878876926512E-001
   0.000000000000000E+000
   0.000000000000000E+000
   7.148945883476959E-001
   0.000000000000000E+000
   0.000000000000000E+000
   0.000000000000000E+000
   0.000000000000000E+000
   0.000000000000000E+000
       -1.204623602515154
   0.000000000000000E+000
   0.000000000000000E+000
   0.000000000000000E+000
   0.000000000000000E+000
   0.000000000000000E+000
   0.000000000000000E+000
   0.000000000000000E+000
  -4.391197592244541E-001
  -1.356732550280141E-001
   0.000000000000000E+000
   0.000000000000000E+000
   0.000000000000000E+000
   5.624430999908153E-001
   0.000000000000000E+000
   0.000000000000000E+000
   0.000000000000000E+000
   0.000000000000000E+000
   0.000000000000000E+000
       -1.058095961775165
   0.000000000000000E+000
   0.000000000000000E+000
   0.000000000000000E+000
   0.000000000000000E+000
   0.000000000000000E+000
   0.000000000000000E+000
  -5.192552639927978E-001
  -1.805234547175295E-001
   0.000000000000000E+000
   0.000000000000000E+000
   0.000000000000000E+000
   0.000000000000000E+000
   4.891938541407785E-001
   0.000000000000000E+000
   0.000000000000000E+000
   0.000000000000000E+000
   0.000000000000000E+000
   0.000000000000000E+000
       -1.236558166087445
   0.000000000000000E+000
   0.000000000000000E+000
   0.000000000000000E+000
   0.000000000000000E+000
   0.000000000000000E+000
  -5.477283356383040E-001
  -2.602495784094856E-001
   0.000000000000000E+000
   0.000000000000000E+000
   0.000000000000000E+000
   0.000000000000000E+000
   0.000000000000000E+000
   7.883427620581638E-001
   0.000000000000000E+000
   0.000000000000000E+000
   0.000000000000000E+000
   0.000000000000000E+000
   0.000000000000000E+000
       -1.154712437352964
   0.000000000000000E+000
   0.000000000000000E+000
   0.000000000000000E+000
   0.000000000000000E+000
  -3.863700705123363E-001
  -1.025905661389004E-001
   0.000000000000000E+000
   0.000000000000000E+000
   0.000000000000000E+000
   0.000000000000000E+000
   0.000000000000000E+000
   0.000000000000000E+000
   8.450280146197650E-001
   0.000000000000000E+000
   0.000000000000000E+000
   0.000000000000000E+000
   0.000000000000000E+000
   0.000000000000000E+000
       -1.360299251073028
   0.000000000000000E+000
   0.000000000000000E+000
   0.000000000000000E+000
  -3.358068996833822E-001
  -9.876884962530327E-002
   0.000000000000000E+000
   0.000000000000000E+000
   0.000000000000000E+000
   0.000000000000000E+000
   0.000000000000000E+000
   0.000000000000000E+000
   0.000000000000000E+000
   8.948650592430996E-002
   0.000000000000000E+000
   0.000000000000000E+000
   0.000000000000000E+000
   0.000000000000000E+000
   0.000000000000000E+000
   0.000000000000000E+000
   0.000000000000000E+000
   0.000000000000000E+000
   0.000000000000000E+000
   6.821692191366835E-002
   0.000000000000000E+000
   0.000000000000000E+000
   0.000000000000000E+000
   0.000000000000000E+000
   0.000000000000000E+000
   0.000000000000000E+000
   0.000000000000000E+000
   0.000000000000000E+000
   4.926888843462365E-001
   0.000000000000000E+000
   0.000000000000000E+000
   0.000000000000000E+000
   0.000000000000000E+000
   0.000000000000000E+000
   0.000000000000000E+000
   0.000000000000000E+000
   0.000000000000000E+000
   9.270346409235655E-002
   0.000000000000000E+000
   0.000000000000000E+000
   0.000000000000000E+000
   0.000000000000000E+000
   0.000000000000000E+000
   0.000000000000000E+000
   0.000000000000000E+000
   7.388745816767139E-002
   5.319745260652643E-001
   0.000000000000000E+000
   0.000000000000000E+000
   0.000000000000000E+000
   0.000000000000000E+000
   0.000000000000000E+000
   0.000000000000000E+000
   0.000000000000000E+000
   0.000000000000000E+000
   8.510105446078767E-002
   0.000000000000000E+000
   0.000000000000000E+000
   0.000000000000000E+000
   0.000000000000000E+000
   0.000000000000000E+000
   0.000000000000000E+000
   0.000000000000000E+000
   0.000000000000000E+000
   0.000000000000000E+000
   2.399288737272973E-001
   0.000000000000000E+000
   0.000000000000000E+000
   0.000000000000000E+000
   0.000000000000000E+000
   0.000000000000000E+000
   0.000000000000000E+000
   0.000000000000000E+000
   8.273305725481855E-002
   0.000000000000000E+000
   0.000000000000000E+000
   0.000000000000000E+000
   0.000000000000000E+000
   0.000000000000000E+000
   0.000000000000000E+000
   0.000000000000000E+000
   8.737127125495669E-002
   0.000000000000000E+000
   2.590601349973944E-001
   0.000000000000000E+000
   0.000000000000000E+000
   0.000000000000000E+000
   0.000000000000000E+000
   0.000000000000000E+000
   0.000000000000000E+000
   0.000000000000000E+000
   7.159930209942106E-002
   0.000000000000000E+000
   0.000000000000000E+000
   0.000000000000000E+000
   0.000000000000000E+000
   0.000000000000000E+000
   0.000000000000000E+000
   0.000000000000000E+000
   0.000000000000000E+000
   4.810429652368722E-001
   1.981051158231253E-001
   0.000000000000000E+000
   0.000000000000000E+000
   0.000000000000000E+000
   0.000000000000000E+000
   0.000000000000000E+000
   0.000000000000000E+000
   0.000000000000000E+000
   9.433179010523604E-002
   0.000000000000000E+000
   0.000000000000000E+000
   0.000000000000000E+000
   0.000000000000000E+000
   0.000000000000000E+000
   0.000000000000000E+000
   0.000000000000000E+000
   0.000000000000000E+000
   0.000000000000000E+000
   0.000000000000000E+000
   1.578664025301474E-001
   0.000000000000000E+000
   0.000000000000000E+000
   0.000000000000000E+000
   0.000000000000000E+000
   0.000000000000000E+000
   0.000000000000000E+000
   7.605016492623076E-002
   0.000000000000000E+000
   0.000000000000000E+000
   0.000000000000000E+000
   0.000000000000000E+000
   0.000000000000000E+000
   0.000000000000000E+000
   0.000000000000000E+000
   9.216222599092228E-002
   0.000000000000000E+000
   0.000000000000000E+000
   1.704542305212350E-001
   0.000000000000000E+000
   0.000000000000000E+000
   0.000000000000000E+000
   0.000000000000000E+000
   0.000000000000000E+000
   0.000000000000000E+000
   6.341128375466754E-002
   0.000000000000000E+000
   0.000000000000000E+000
   0.000000000000000E+000
   0.000000000000000E+000
   0.000000000000000E+000
   0.000000000000000E+000
   0.000000000000000E+000
   0.000000000000000E+000
   5.074206868769677E-001
   0.000000000000000E+000
   1.303475545563603E-001
   0.000000000000000E+000
   0.000000000000000E+000
   0.000000000000000E+000
   0.000000000000000E+000
   0.000000000000000E+000
   0.000000000000000E+000
   9.024066325344904E-002
   0.000000000000000E+000
   0.000000000000000E+000
   0.000000000000000E+000
   0.000000000000000E+000
   0.000000000000000E+000
   0.000000000000000E+000
   0.000000000000000E+000
   0.000000000000000E+000
   0.000000000000000E+000
   2.471029442238571E-001
   1.541348400525567E-001
   0.000000000000000E+000
   0.000000000000000E+000
   0.000000000000000E+000
   0.000000000000000E+000
   0.000000000000000E+000
   0.000000000000000E+000
   7.901684428454930E-002
   0.000000000000000E+000
   0.000000000000000E+000
   0.000000000000000E+000
   0.000000000000000E+000
   0.000000000000000E+000
   0.000000000000000E+000
   0.000000000000000E+000
   0.000000000000000E+000
   0.000000000000000E+000
   0.000000000000000E+000
   0.000000000000000E+000
   6.606812616804191E-001
   0.000000000000000E+000
   0.000000000000000E+000
   0.000000000000000E+000
   0.000000000000000E+000
   0.000000000000000E+000
   9.291099477499989E-002
   0.000000000000000E+000
   0.000000000000000E+000
   0.000000000000000E+000
   0.000000000000000E+000
   0.000000000000000E+000
   0.000000000000000E+000
   0.000000000000000E+000
   6.501165530023073E-002
   0.000000000000000E+000
   0.000000000000000E+000
   0.000000000000000E+000
   7.133621484661907E-001
   0.000000000000000E+000
   0.000000000000000E+000
   0.000000000000000E+000
   0.000000000000000E+000
   0.000000000000000E+000
   8.712634108758088E-002
   0.000000000000000E+000
   0.000000000000000E+000
   0.000000000000000E+000
   0.000000000000000E+000
   0.000000000000000E+000
   0.000000000000000E+000
   0.000000000000000E+000
   0.000000000000000E+000
   3.579368709117442E-001
   0.000000000000000E+000
   0.000000000000000E+000
   5.455130757464848E-001
   0.000000000000000E+000
   0.000000000000000E+000
   0.000000000000000E+000
   0.000000000000000E+000
   0.000000000000000E+000
   9.607649185533562E-002
   0.000000000000000E+000
   0.000000000000000E+000
   0.000000000000000E+000
   0.000000000000000E+000
   0.000000000000000E+000
   0.000000000000000E+000
   0.000000000000000E+000
   0.000000000000000E+000
   0.000000000000000E+000
   1.743075458608807E-001
   0.000000000000000E+000
   6.450644276598736E-001
   0.000000000000000E+000
   0.000000000000000E+000
   0.000000000000000E+000
   0.000000000000000E+000
   0.000000000000000E+000
   9.407558194511290E-002
   0.000000000000000E+000
   0.000000000000000E+000
   0.000000000000000E+000
   0.000000000000000E+000
   0.000000000000000E+000
   0.000000000000000E+000
   0.000000000000000E+000
   0.000000000000000E+000
   0.000000000000000E+000
   0.000000000000000E+000
   1.146894276267559E-001
   6.804361743485734E-001
   0.000000000000000E+000
   0.000000000000000E+000
   0.000000000000000E+000
   0.000000000000000E+000
   0.000000000000000E+000
   9.108322398249133E-002
   0.000000000000000E+000
   0.000000000000000E+000
   0.000000000000000E+000
   0.000000000000000E+000
   0.000000000000000E+000
   0.000000000000000E+000
   0.000000000000000E+000
   0.000000000000000E+000
   0.000000000000000E+000
   0.000000000000000E+000
   0.000000000000000E+000
   0.000000000000000E+000
   8.136920198290535E-001
   0.000000000000000E+000
   0.000000000000000E+000
   0.000000000000000E+000
   0.000000000000000E+000
   8.901968469943451E-002
   0.000000000000000E+000
   0.000000000000000E+000
   0.000000000000000E+000
   0.000000000000000E+000
   0.000000000000000E+000
   0.000000000000000E+000
   0.000000000000000E+000
   5.650376174507060E-002
   0.000000000000000E+000
   0.000000000000000E+000
   0.000000000000000E+000
   0.000000000000000E+000
   8.785735590240233E-001
   0.000000000000000E+000
   0.000000000000000E+000
   0.000000000000000E+000
   0.000000000000000E+000
   8.465129524023285E-002
   0.000000000000000E+000
   0.000000000000000E+000
   0.000000000000000E+000
   0.000000000000000E+000
   0.000000000000000E+000
   0.000000000000000E+000
   0.000000000000000E+000
   0.000000000000000E+000
   3.110946734146842E-001
   0.000000000000000E+000
   0.000000000000000E+000
   0.000000000000000E+000
   6.718514088296144E-001
   0.000000000000000E+000
   0.000000000000000E+000
   0.000000000000000E+000
   0.000000000000000E+000
   9.032972012271415E-002
   0.000000000000000E+000
   0.000000000000000E+000
   0.000000000000000E+000
   0.000000000000000E+000
   0.000000000000000E+000
   0.000000000000000E+000
   0.000000000000000E+000
   0.000000000000000E+000
   0.000000000000000E+000
   1.514964047017001E-001
   0.000000000000000E+000
   0.000000000000000E+000
   7.944583984831233E-001
   0.000000000000000E+000
   0.000000000000000E+000
   0.000000000000000E+000
   0.000000000000000E+000
   8.983643827400645E-002
   0.000000000000000E+000
   0.000000000000000E+000
   0.000000000000000E+000
   0.000000000000000E+000
   0.000000000000000E+000
   0.000000000000000E+000
   0.000000000000000E+000
   0.000000000000000E+000
   0.000000000000000E+000
   0.000000000000000E+000
   9.968034290733935E-002
   0.000000000000000E+000
   8.380220799091778E-001
   0.000000000000000E+000
   0.000000000000000E+000
   0.000000000000000E+000
   0.000000000000000E+000
   8.767831994607735E-002
   0.000000000000000E+000
   0.000000000000000E+000
   0.000000000000000E+000
   0.000000000000000E+000
   0.000000000000000E+000
   0.000000000000000E+000
   0.000000000000000E+000
   0.000000000000000E+000
   0.000000000000000E+000
   0.000000000000000E+000
   0.000000000000000E+000
   4.171687810785528E-001
   5.911446040637532E-001
   0.000000000000000E+000
   0.000000000000000E+000
   0.000000000000000E+000
   0.000000000000000E+000
   8.664139032227594E-002
   6.390758329944882E-002
   0.000000000000000E+000
   3.735672250845357E-002
   0.000000000000000E+000
   0.000000000000000E+000
   5.934049691437709E-002
   0.000000000000000E+000
   0.000000000000000E+000
   0.000000000000000E+000
   4.587684298704004E-002
   0.000000000000000E+000
   0.000000000000000E+000
   0.000000000000000E+000
   0.000000000000000E+000
   1.564999986131174E-002
   0.000000000000000E+000
   0.000000000000000E+000
   0.000000000000000E+000
   0.000000000000000E+000
   0.000000000000000E+000
   8.326327759474118E-002
   0.000000000000000E+000
   0.000000000000000E+000
   0.000000000000000E+000
   0.000000000000000E+000
   0.000000000000000E+000
   0.000000000000000E+000
   8.275941742768991E-002
   0.000000000000000E+000
  -4.897540053405838E-002
   0.000000000000000E+000
   0.000000000000000E+000
   0.000000000000000E+000
   0.000000000000000E+000
   0.000000000000000E+000
   7.265005631209148E-002
   0.000000000000000E+000
   0.000000000000000E+000
  -9.250564780196571E-002
   0.000000000000000E+000
   0.000000000000000E+000
   0.000000000000000E+000
   0.000000000000000E+000
   4.684400606045842E-003
   2.511729218660178E-001
   0.000000000000000E+000
   0.000000000000000E+000
   0.000000000000000E+000
  -8.224992102105419E-002
   0.000000000000000E+000
   0.000000000000000E+000
   0.000000000000000E+000
   4.870830856301415E-003
   8.799809286845926E-003
   1.868704218947983E-001
   0.000000000000000E+000
   0.000000000000000E+000
   0.000000000000000E+000
   0.000000000000000E+000
  -3.818827614614451E-002
   0.000000000000000E+000
   0.000000000000000E+000
   2.699486731365532E-003
   2.923925227597264E-003
   4.868025956612845E-003
   1.055672735954254E-001
   0.000000000000000E+000
   0.000000000000000E+000
   0.000000000000000E+000
   0.000000000000000E+000
   0.000000000000000E+000
  -1.099931201802170E-001
   0.000000000000000E+000
   5.196686010098827E-003
   1.305799860958644E-002
   1.050710895348565E-002
   3.868851501266517E-003
   3.323784582758809E-001
   0.000000000000000E+000
   0.000000000000000E+000
   0.000000000000000E+000
   0.000000000000000E+000
   0.000000000000000E+000
   0.000000000000000E+000
  -1.165868012372565E-001
   4.167359515232711E-003
   8.317702913115954E-003
   6.846952582736742E-003
   2.764841534846337E-003
   1.511199086696097E-002
   3.695690040301067E-001
  -8.936078537049844E-003
  -9.069419864878345E-003
  -6.512152071022580E-003
  -9.129675490025628E-003
  -4.868562672543771E-003
  -6.685731774861082E-003
  -6.512028514982354E-003
   1.623922767083371E-002
   2.093068578672961E-002
   2.434873823331091E-002
   1.614633153079338E-002
   2.388574991860342E-002
   2.521573864993182E-002
   2.739230763702225E-002
  -6.073391447251415E-003
  -5.390325601378807E-003
  -3.552123980299420E-003
  -3.566226045959475E-003
  -1.796660546050344E-003
  -4.005709244598353E-003
  -4.142986003419678E-003
   6.845757216037444E-003
   4.971335100587265E-003
   5.930086681663059E-003
   4.110201779848013E-003
   4.744589351976034E-003
   5.222416100170196E-003
   0.000000000000000E+000
   2.481427714136911E-002
  -1.726809314549369E-003
  -1.749155067035406E-003
  -1.288799356608143E-003
  -1.571755434891322E-003
  -1.124017022283327E-003
  -1.198450891193442E-003
  -1.332793137426107E-003
   3.289173562388230E-003
   3.966435953978895E-003
   3.824504187076727E-003
   3.210331939158016E-003
   3.651504338458078E-003
   4.825230829214662E-003
   0.000000000000000E+000
   8.825949677201420E-003
   6.053509214759660E-003
  -2.457827847049214E-002
  -1.723368195352112E-002
  -1.400830629632886E-002
  -1.616264807696818E-002
  -6.935442742247433E-003
  -1.376729724850211E-002
  -7.990912057143709E-003
   2.328178457407892E-002
   2.360450991078450E-002
   3.040597824404359E-002
   1.753104272624400E-002
   2.016542819531555E-002
   1.286351635527039E-002
   0.000000000000000E+000
   0.000000000000000E+000
   0.000000000000000E+000
   9.023605205302210E-002
  -5.508024398958160E-003
  -4.189265959495665E-003
  -4.328096089342456E-003
  -5.619080384091014E-003
  -3.295330791403367E-003
  -3.655549243380800E-003
  -2.350318567263515E-003
   8.142986409428666E-003
   1.663379049165137E-002
   1.629215731324053E-002
   1.004193281361778E-002
   1.749478807138682E-002
   1.082205063501692E-002
   0.000000000000000E+000
   0.000000000000000E+000
   0.000000000000000E+000
   2.571123165694771E-002
   1.379674841389567E-002
       81.535244286011647
       23.140269822599159
      241.007716893109318
       19.226375642186152
       20.534824351434882
       68.438313798784407
       22.960129140250167
       32.557479396015410
       26.744965547867722
      143.187165161055759
       20.346849078147187
      -13.517865232665457
       18.614875297422063
       23.666325622797750
      586.632807121123506
       12.228598091036567
       18.300167956781120
       12.276182920086855
       14.569725469900559
        4.141383673537904
       33.806277389787745
        7.523649774500722
        8.426773718504013
        8.445191260272205
       10.490851194609153
       24.193181459928791
        5.990810693539301
       37.474557766036632
      -64.671806901191417
      160.602567552242618
       -1.380424117414365
        2.380890396202167
      -40.698002130540530
        2.874552170487902
  -7.645431968991667E-001
      201.483222862099467
      -21.461989591749830
       11.070900519546420
       29.460844279280249
       10.702547052619297
        5.938009296195592
        3.930623772695303
        3.956354432031623
       34.905220909080910
       31.406713547526053
      -32.753836080056431
       16.570937192989657
        6.991436647416228
       65.348164681494922
        2.161674424097720
        3.287423450498475
        2.836997671044626
       51.726533061073901
       23.263871182157001
       63.073666157891864
      -42.483271214490856
       -1.687798494397256
        1.385219615376677
        3.147720483532890
      230.083514892526779
       -3.009370770438723
        8.508324014446959
       45.091121132875486
       23.798539857709805
       32.970837584516261
      138.468329343442036
      -18.868624717637132
        8.307694255380941
        2.863807654459082
        2.836782967476295
       -3.960442896822328
       14.654701775150055
   7.424357921951279E-001
       29.044433779147582
       12.686179398855558
       15.820149339282720
       15.063204312669917
       19.900701778236073
      -15.170297590302772
        3.792909058025664
        3.025395762108219
        4.793594244416242
       17.710611834640897
        1.218214758491126
       18.899986781814000
       20.673789786134208
       11.119986375582624
       14.678437186633051
       22.472846814841532
        6.868987127527819
       20.013253625718299
      213.121421962771365
        9.669507684634397
       32.237638597019767
       42.559767898411479
       43.592850810760801
       15.176773303736869
       11.143280684875034
     -234.073300101170986
      -84.277714540155785
     -118.900490813101769
     -147.071712693811662
      -74.909363718237245
      -58.044752081193394
      801.053816420652538
       47.789648419735940
       61.086041467580571
       27.396732976190759
       37.742950899848687
       25.064758850716167
       20.024520084772934
       16.496272946873216
       -3.132060403480303
       -1.507760319729645
       -1.921153022284085
      -14.037986329346186
       -4.513206768514987
  -4.766442291813950E-001
      110.644205519688114
      177.618127621741593
       94.052487510711416
     -103.661386066420008
      -19.443420891182907
      -67.235566349157892
       11.007148907738211
      -18.147875924144792
      -28.769809201366087
     -196.025800600275289
      -67.253485159126328
     -125.615328241451365
      -95.957481821336458
      -47.453477529809810
      -59.793623873449420
      372.491598470764529
     -186.411390452180711
     1121.562043885737012
       45.191627813666912
       60.878621253842510
       33.709263431117698
       43.543439814654413
       15.137916358865841
       22.537239673614891
       13.114502299171320
        3.831451644278644
        6.983818553665657
        4.406511628160814
      -11.886691463119888
        1.244611783950589
  -5.131910431222551E-001
       88.949604598421843
       43.335982176154701
       -6.595596364578910
      110.107976327353157
      139.403861065898241
     -171.587234784767134
      -56.350812371090242
      -82.733718185271869
       44.963976697118113
      -39.850681870223319
      -26.626010963614746
     -310.184341612410662
     -122.709295828914037
     -167.817695751726774
     -139.223554410474890
      -89.595627480582323
      -71.640718217294193
      563.410174525171442
       14.338828134080600
      481.235867425287097
     -175.014268635545818
     1406.642108698145421
