   1.084153767657133E-003
           3
          12
          28
   4.316257587878571E-001
   0.000000000000000E+000
   0.000000000000000E+000
   0.000000000000000E+000
   0.000000000000000E+000
   0.000000000000000E+000
   0.000000000000000E+000
   0.000000000000000E+000
   0.000000000000000E+000
   0.000000000000000E+000
   0.000000000000000E+000
   2.096659809822702E-001
   0.000000000000000E+000
   0.000000000000000E+000
   0.000000000000000E+000
   0.000000000000000E+000
   0.000000000000000E+000
   0.000000000000000E+000
   0.000000000000000E+000
   0.000000000000000E+000
   0.000000000000000E+000
   0.000000000000000E+000
   0.000000000000000E+000
   0.000000000000000E+000
   0.000000000000000E+000
   0.000000000000000E+000
   0.000000000000000E+000
   0.000000000000000E+000
   0.000000000000000E+000
   4.316257587878571E-001
   0.000000000000000E+000
   0.000000000000000E+000
   0.000000000000000E+000
   0.000000000000000E+000
   0.000000000000000E+000
   0.000000000000000E+000
   0.000000000000000E+000
   0.000000000000000E+000
   0.000000000000000E+000
   1.036090257714952E-001
   0.000000000000000E+000
   0.000000000000000E+000
   0.000000000000000E+000
   0.000000000000000E+000
   0.000000000000000E+000
   0.000000000000000E+000
   0.000000000000000E+000
   0.000000000000000E+000
   0.000000000000000E+000
   0.000000000000000E+000
   0.000000000000000E+000
   0.000000000000000E+000
   0.000000000000000E+000
   0.000000000000000E+000
   0.000000000000000E+000
   0.000000000000000E+000
   0.000000000000000E+000
   0.000000000000000E+000
   4.316257587878571E-001
   0.000000000000000E+000
   0.000000000000000E+000
   0.000000000000000E+000
   0.000000000000000E+000
   0.000000000000000E+000
   0.000000000000000E+000
   0.000000000000000E+000
   0.000000000000000E+000
   1.714845387403180E-002
   0.000000000000000E+000
   0.000000000000000E+000
   0.000000000000000E+000
   0.000000000000000E+000
   0.000000000000000E+000
   0.000000000000000E+000
   0.000000000000000E+000
   0.000000000000000E+000
   0.000000000000000E+000
   0.000000000000000E+000
   0.000000000000000E+000
   0.000000000000000E+000
   0.000000000000000E+000
   0.000000000000000E+000
   0.000000000000000E+000
   0.000000000000000E+000
   0.000000000000000E+000
   0.000000000000000E+000
   0.000000000000000E+000
   6.770335794224016E-001
   0.000000000000000E+000
   0.000000000000000E+000
   0.000000000000000E+000
   0.000000000000000E+000
   0.000000000000000E+000
        1.765599528260615
   0.000000000000000E+000
   1.051302727398498E-001
   0.000000000000000E+000
   0.000000000000000E+000
   0.000000000000000E+000
   0.000000000000000E+000
   0.000000000000000E+000
   0.000000000000000E+000
   0.000000000000000E+000
   0.000000000000000E+000
   0.000000000000000E+000
   0.000000000000000E+000
   0.000000000000000E+000
   0.000000000000000E+000
   0.000000000000000E+000
   0.000000000000000E+000
   0.000000000000000E+000
   0.000000000000000E+000
   0.000000000000000E+000
   0.000000000000000E+000
   0.000000000000000E+000
   0.000000000000000E+000
   6.770335794224016E-001
   0.000000000000000E+000
   0.000000000000000E+000
   0.000000000000000E+000
   0.000000000000000E+000
   7.409419076721711E-001
   0.000000000000000E+000
   4.411839921292843E-002
   0.000000000000000E+000
   0.000000000000000E+000
   0.000000000000000E+000
   0.000000000000000E+000
   0.000000000000000E+000
   0.000000000000000E+000
   0.000000000000000E+000
   0.000000000000000E+000
   0.000000000000000E+000
   0.000000000000000E+000
   0.000000000000000E+000
   0.000000000000000E+000
   0.000000000000000E+000
   0.000000000000000E+000
   0.000000000000000E+000
   0.000000000000000E+000
   0.000000000000000E+000
   0.000000000000000E+000
   0.000000000000000E+000
   0.000000000000000E+000
   0.000000000000000E+000
   6.770335794224016E-001
   0.000000000000000E+000
   0.000000000000000E+000
   0.000000000000000E+000
  -4.436028467221372E-001
   0.000000000000000E+000
  -2.641374078187238E-002
   0.000000000000000E+000
   0.000000000000000E+000
   0.000000000000000E+000
   0.000000000000000E+000
   0.000000000000000E+000
   0.000000000000000E+000
   0.000000000000000E+000
   0.000000000000000E+000
   0.000000000000000E+000
   0.000000000000000E+000
   0.000000000000000E+000
   0.000000000000000E+000
   0.000000000000000E+000
   0.000000000000000E+000
   0.000000000000000E+000
   0.000000000000000E+000
   0.000000000000000E+000
   0.000000000000000E+000
   0.000000000000000E+000
   0.000000000000000E+000
   0.000000000000000E+000
   0.000000000000000E+000
   5.788008357850428E-001
   0.000000000000000E+000
   0.000000000000000E+000
   0.000000000000000E+000
        1.416633149625383
   1.093281266958605E-001
   0.000000000000000E+000
   0.000000000000000E+000
   0.000000000000000E+000
   0.000000000000000E+000
   0.000000000000000E+000
   0.000000000000000E+000
   0.000000000000000E+000
   0.000000000000000E+000
   0.000000000000000E+000
   0.000000000000000E+000
   0.000000000000000E+000
   0.000000000000000E+000
   0.000000000000000E+000
   0.000000000000000E+000
   0.000000000000000E+000
   0.000000000000000E+000
   0.000000000000000E+000
   0.000000000000000E+000
   0.000000000000000E+000
   0.000000000000000E+000
   0.000000000000000E+000
   0.000000000000000E+000
   0.000000000000000E+000
   5.788008357850428E-001
   0.000000000000000E+000
   0.000000000000000E+000
   5.137241907450772E-001
   3.964646981990958E-002
   0.000000000000000E+000
   0.000000000000000E+000
   0.000000000000000E+000
   0.000000000000000E+000
   0.000000000000000E+000
   0.000000000000000E+000
   0.000000000000000E+000
   0.000000000000000E+000
   0.000000000000000E+000
   0.000000000000000E+000
   0.000000000000000E+000
   0.000000000000000E+000
   0.000000000000000E+000
   0.000000000000000E+000
   0.000000000000000E+000
   0.000000000000000E+000
   0.000000000000000E+000
   0.000000000000000E+000
   0.000000000000000E+000
   0.000000000000000E+000
   0.000000000000000E+000
   0.000000000000000E+000
   0.000000000000000E+000
   0.000000000000000E+000
   5.788008357850428E-001
   0.000000000000000E+000
  -5.190232284623782E-001
  -4.005542104844494E-002
   0.000000000000000E+000
   0.000000000000000E+000
   0.000000000000000E+000
   0.000000000000000E+000
   0.000000000000000E+000
   0.000000000000000E+000
   0.000000000000000E+000
   0.000000000000000E+000
   0.000000000000000E+000
   0.000000000000000E+000
   0.000000000000000E+000
   0.000000000000000E+000
   0.000000000000000E+000
   0.000000000000000E+000
   0.000000000000000E+000
   0.000000000000000E+000
   0.000000000000000E+000
   0.000000000000000E+000
   0.000000000000000E+000
   0.000000000000000E+000
   0.000000000000000E+000
   0.000000000000000E+000
   0.000000000000000E+000
   0.000000000000000E+000
   0.000000000000000E+000
   5.850421607339535E-001
   0.000000000000000E+000
   4.899404977855902E-002
   0.000000000000000E+000
   0.000000000000000E+000
   0.000000000000000E+000
   0.000000000000000E+000
   0.000000000000000E+000
   0.000000000000000E+000
   0.000000000000000E+000
   0.000000000000000E+000
   0.000000000000000E+000
   0.000000000000000E+000
   0.000000000000000E+000
   0.000000000000000E+000
   0.000000000000000E+000
   0.000000000000000E+000
   0.000000000000000E+000
   0.000000000000000E+000
   0.000000000000000E+000
   0.000000000000000E+000
   0.000000000000000E+000
   0.000000000000000E+000
   0.000000000000000E+000
   0.000000000000000E+000
   0.000000000000000E+000
   0.000000000000000E+000
   0.000000000000000E+000
   0.000000000000000E+000
   3.655476406571910E-001
   4.389926517488157E-002
   0.000000000000000E+000
   0.000000000000000E+000
   0.000000000000000E+000
   0.000000000000000E+000
   0.000000000000000E+000
   0.000000000000000E+000
   0.000000000000000E+000
   0.000000000000000E+000
   0.000000000000000E+000
   0.000000000000000E+000
   0.000000000000000E+000
   0.000000000000000E+000
   0.000000000000000E+000
   0.000000000000000E+000
   0.000000000000000E+000
   0.000000000000000E+000
   0.000000000000000E+000
   0.000000000000000E+000
   0.000000000000000E+000
   0.000000000000000E+000
   0.000000000000000E+000
   0.000000000000000E+000
   0.000000000000000E+000
   0.000000000000000E+000
   0.000000000000000E+000
   5.288866963888549E-001
   2.982370562378978E-001
   5.450818588329759E-002
   0.000000000000000E+000
   0.000000000000000E+000
   0.000000000000000E+000
   0.000000000000000E+000
   0.000000000000000E+000
   0.000000000000000E+000
   0.000000000000000E+000
   0.000000000000000E+000
   0.000000000000000E+000
   0.000000000000000E+000
   0.000000000000000E+000
   0.000000000000000E+000
   0.000000000000000E+000
   0.000000000000000E+000
   0.000000000000000E+000
   0.000000000000000E+000
   5.203087346536065E-001
   0.000000000000000E+000
   0.000000000000000E+000
   0.000000000000000E+000
   0.000000000000000E+000
   0.000000000000000E+000
   0.000000000000000E+000
   0.000000000000000E+000
   0.000000000000000E+000
   0.000000000000000E+000
   0.000000000000000E+000
   0.000000000000000E+000
   0.000000000000000E+000
   0.000000000000000E+000
   0.000000000000000E+000
   0.000000000000000E+000
   0.000000000000000E+000
   0.000000000000000E+000
  -5.203087346536065E-001
   3.760299752763498E-001
   0.000000000000000E+000
   0.000000000000000E+000
   0.000000000000000E+000
   0.000000000000000E+000
   0.000000000000000E+000
   0.000000000000000E+000
   0.000000000000000E+000
   0.000000000000000E+000
   0.000000000000000E+000
   5.203087346536065E-001
   0.000000000000000E+000
   0.000000000000000E+000
   0.000000000000000E+000
   0.000000000000000E+000
   0.000000000000000E+000
   0.000000000000000E+000
   0.000000000000000E+000
   0.000000000000000E+000
   0.000000000000000E+000
   0.000000000000000E+000
   0.000000000000000E+000
   0.000000000000000E+000
   0.000000000000000E+000
   0.000000000000000E+000
   0.000000000000000E+000
   0.000000000000000E+000
  -5.203087346536065E-001
   1.902493414423115E-001
   0.000000000000000E+000
   0.000000000000000E+000
   0.000000000000000E+000
   0.000000000000000E+000
   0.000000000000000E+000
   0.000000000000000E+000
   0.000000000000000E+000
   0.000000000000000E+000
   0.000000000000000E+000
   0.000000000000000E+000
   5.203087346536065E-001
   0.000000000000000E+000
   0.000000000000000E+000
   0.000000000000000E+000
   0.000000000000000E+000
   0.000000000000000E+000
   0.000000000000000E+000
   0.000000000000000E+000
   0.000000000000000E+000
   0.000000000000000E+000
   0.000000000000000E+000
   0.000000000000000E+000
   0.000000000000000E+000
   0.000000000000000E+000
   0.000000000000000E+000
   0.000000000000000E+000
  -5.203087346536065E-001
   3.879581520405978E-002
   0.000000000000000E+000
   0.000000000000000E+000
   0.000000000000000E+000
   0.000000000000000E+000
   0.000000000000000E+000
   0.000000000000000E+000
   0.000000000000000E+000
   0.000000000000000E+000
   0.000000000000000E+000
   0.000000000000000E+000
   0.000000000000000E+000
   8.371385254941580E-001
   0.000000000000000E+000
   0.000000000000000E+000
   0.000000000000000E+000
   0.000000000000000E+000
   0.000000000000000E+000
   0.000000000000000E+000
   0.000000000000000E+000
   0.000000000000000E+000
   0.000000000000000E+000
   0.000000000000000E+000
   0.000000000000000E+000
   0.000000000000000E+000
        1.502701270240450
   0.000000000000000E+000
  -3.332686402762195E-001
   1.187281840892884E-001
   0.000000000000000E+000
   0.000000000000000E+000
   0.000000000000000E+000
   0.000000000000000E+000
   0.000000000000000E+000
   0.000000000000000E+000
   0.000000000000000E+000
   0.000000000000000E+000
   0.000000000000000E+000
   0.000000000000000E+000
   0.000000000000000E+000
   0.000000000000000E+000
   0.000000000000000E+000
   0.000000000000000E+000
   0.000000000000000E+000
   0.000000000000000E+000
   0.000000000000000E+000
   0.000000000000000E+000
   0.000000000000000E+000
   0.000000000000000E+000
   8.371385254941580E-001
   0.000000000000000E+000
   0.000000000000000E+000
   0.000000000000000E+000
   5.051727206125409E-001
   0.000000000000000E+000
  -3.332686402762195E-001
   4.501908697383580E-002
   0.000000000000000E+000
   0.000000000000000E+000
   0.000000000000000E+000
   0.000000000000000E+000
   0.000000000000000E+000
   0.000000000000000E+000
   0.000000000000000E+000
   0.000000000000000E+000
   0.000000000000000E+000
   0.000000000000000E+000
   0.000000000000000E+000
   0.000000000000000E+000
   0.000000000000000E+000
   0.000000000000000E+000
   0.000000000000000E+000
   0.000000000000000E+000
   0.000000000000000E+000
   0.000000000000000E+000
   0.000000000000000E+000
   0.000000000000000E+000
   0.000000000000000E+000
   8.371385254941580E-001
   0.000000000000000E+000
   0.000000000000000E+000
  -4.871836881029502E-001
   0.000000000000000E+000
  -3.332686402762195E-001
  -2.830783176992959E-002
   0.000000000000000E+000
   0.000000000000000E+000
   0.000000000000000E+000
   0.000000000000000E+000
   0.000000000000000E+000
   0.000000000000000E+000
   0.000000000000000E+000
   0.000000000000000E+000
   0.000000000000000E+000
   0.000000000000000E+000
   0.000000000000000E+000
   0.000000000000000E+000
   0.000000000000000E+000
   0.000000000000000E+000
   7.790691688210276E-001
   0.000000000000000E+000
   0.000000000000000E+000
   0.000000000000000E+000
   0.000000000000000E+000
   0.000000000000000E+000
   0.000000000000000E+000
   0.000000000000000E+000
   0.000000000000000E+000
   0.000000000000000E+000
   0.000000000000000E+000
        1.490842893661541
  -3.819784798230089E-001
   1.444880981055784E-001
   0.000000000000000E+000
   0.000000000000000E+000
   0.000000000000000E+000
   0.000000000000000E+000
   0.000000000000000E+000
   0.000000000000000E+000
   0.000000000000000E+000
   0.000000000000000E+000
   0.000000000000000E+000
   0.000000000000000E+000
   0.000000000000000E+000
   0.000000000000000E+000
   0.000000000000000E+000
   0.000000000000000E+000
   0.000000000000000E+000
   0.000000000000000E+000
   0.000000000000000E+000
   0.000000000000000E+000
   0.000000000000000E+000
   0.000000000000000E+000
   0.000000000000000E+000
   0.000000000000000E+000
   7.790691688210276E-001
   0.000000000000000E+000
   0.000000000000000E+000
   4.271320134637615E-001
  -3.819784798230089E-001
   4.768592292608326E-002
   0.000000000000000E+000
   0.000000000000000E+000
   0.000000000000000E+000
   0.000000000000000E+000
   0.000000000000000E+000
   0.000000000000000E+000
   0.000000000000000E+000
   0.000000000000000E+000
   0.000000000000000E+000
   0.000000000000000E+000
   0.000000000000000E+000
   0.000000000000000E+000
   0.000000000000000E+000
   0.000000000000000E+000
   0.000000000000000E+000
   0.000000000000000E+000
   0.000000000000000E+000
   0.000000000000000E+000
   0.000000000000000E+000
   0.000000000000000E+000
   0.000000000000000E+000
   0.000000000000000E+000
   0.000000000000000E+000
   7.790691688210276E-001
   0.000000000000000E+000
  -3.642205617338746E-001
  -3.819784798230089E-001
  -2.433049811379816E-002
   0.000000000000000E+000
   0.000000000000000E+000
   0.000000000000000E+000
   0.000000000000000E+000
   0.000000000000000E+000
   0.000000000000000E+000
   0.000000000000000E+000
   0.000000000000000E+000
   0.000000000000000E+000
   0.000000000000000E+000
   0.000000000000000E+000
   0.000000000000000E+000
   0.000000000000000E+000
   0.000000000000000E+000
   0.000000000000000E+000
   0.000000000000000E+000
   0.000000000000000E+000
   0.000000000000000E+000
   0.000000000000000E+000
   0.000000000000000E+000
   0.000000000000000E+000
   0.000000000000000E+000
   0.000000000000000E+000
   0.000000000000000E+000
   8.222889817600241E-001
   0.000000000000000E+000
   0.000000000000000E+000
   8.423222068240004E-002
   0.000000000000000E+000
   0.000000000000000E+000
   0.000000000000000E+000
   0.000000000000000E+000
   0.000000000000000E+000
   0.000000000000000E+000
   0.000000000000000E+000
   0.000000000000000E+000
   0.000000000000000E+000
   0.000000000000000E+000
   0.000000000000000E+000
   0.000000000000000E+000
   0.000000000000000E+000
   0.000000000000000E+000
   0.000000000000000E+000
   0.000000000000000E+000
   0.000000000000000E+000
   0.000000000000000E+000
   0.000000000000000E+000
   0.000000000000000E+000
   0.000000000000000E+000
   0.000000000000000E+000
   0.000000000000000E+000
   0.000000000000000E+000
   0.000000000000000E+000
   6.627664835333674E-001
   0.000000000000000E+000
   8.721702037748005E-002
   0.000000000000000E+000
   0.000000000000000E+000
   0.000000000000000E+000
   0.000000000000000E+000
   0.000000000000000E+000
   0.000000000000000E+000
   0.000000000000000E+000
   0.000000000000000E+000
   0.000000000000000E+000
   0.000000000000000E+000
   0.000000000000000E+000
   0.000000000000000E+000
   0.000000000000000E+000
   0.000000000000000E+000
   0.000000000000000E+000
   0.000000000000000E+000
   0.000000000000000E+000
   0.000000000000000E+000
   0.000000000000000E+000
   0.000000000000000E+000
   0.000000000000000E+000
   0.000000000000000E+000
   0.000000000000000E+000
   0.000000000000000E+000
   6.036736927682227E-001
   4.245158116264689E-001
   0.000000000000000E+000
   8.323921436844293E-002
   0.000000000000000E+000
   0.000000000000000E+000
   0.000000000000000E+000
   0.000000000000000E+000
   0.000000000000000E+000
   0.000000000000000E+000
   0.000000000000000E+000
   0.000000000000000E+000
   4.022544702767416E-001
   0.000000000000000E+000
   0.000000000000000E+000
   0.000000000000000E+000
   0.000000000000000E+000
   0.000000000000000E+000
   0.000000000000000E+000
   0.000000000000000E+000
   0.000000000000000E+000
   0.000000000000000E+000
   0.000000000000000E+000
   0.000000000000000E+000
   0.000000000000000E+000
   0.000000000000000E+000
   0.000000000000000E+000
   0.000000000000000E+000
   0.000000000000000E+000
   0.000000000000000E+000
   0.000000000000000E+000
   0.000000000000000E+000
   0.000000000000000E+000
   0.000000000000000E+000
   0.000000000000000E+000
   0.000000000000000E+000
   0.000000000000000E+000
   0.000000000000000E+000
  -4.022544702767416E-001
   1.798617766087644E-001
   0.000000000000000E+000
   4.022544702767416E-001
   0.000000000000000E+000
   0.000000000000000E+000
   0.000000000000000E+000
   0.000000000000000E+000
   0.000000000000000E+000
   0.000000000000000E+000
   0.000000000000000E+000
   0.000000000000000E+000
   0.000000000000000E+000
   0.000000000000000E+000
   0.000000000000000E+000
   0.000000000000000E+000
   0.000000000000000E+000
   0.000000000000000E+000
   0.000000000000000E+000
   0.000000000000000E+000
   0.000000000000000E+000
   0.000000000000000E+000
   0.000000000000000E+000
   0.000000000000000E+000
   0.000000000000000E+000
   0.000000000000000E+000
   0.000000000000000E+000
   0.000000000000000E+000
  -4.022544702767416E-001
   9.401584308225078E-002
   0.000000000000000E+000
   0.000000000000000E+000
   4.022544702767416E-001
   0.000000000000000E+000
   0.000000000000000E+000
   0.000000000000000E+000
   0.000000000000000E+000
   0.000000000000000E+000
   0.000000000000000E+000
   0.000000000000000E+000
   0.000000000000000E+000
   0.000000000000000E+000
   0.000000000000000E+000
   0.000000000000000E+000
   0.000000000000000E+000
   0.000000000000000E+000
   0.000000000000000E+000
   0.000000000000000E+000
   0.000000000000000E+000
   0.000000000000000E+000
   0.000000000000000E+000
   0.000000000000000E+000
   0.000000000000000E+000
   0.000000000000000E+000
   0.000000000000000E+000
   0.000000000000000E+000
  -4.022544702767416E-001
   2.403185671357633E-002
   0.000000000000000E+000
   0.000000000000000E+000
   0.000000000000000E+000
   7.079958571724250E-001
   0.000000000000000E+000
   0.000000000000000E+000
   0.000000000000000E+000
   0.000000000000000E+000
   0.000000000000000E+000
   0.000000000000000E+000
   0.000000000000000E+000
   0.000000000000000E+000
   0.000000000000000E+000
   0.000000000000000E+000
   0.000000000000000E+000
   0.000000000000000E+000
   0.000000000000000E+000
   0.000000000000000E+000
   0.000000000000000E+000
   0.000000000000000E+000
   0.000000000000000E+000
   0.000000000000000E+000
   0.000000000000000E+000
   0.000000000000000E+000
        1.907052691172201
   0.000000000000000E+000
  -3.102895911129090E-001
   9.001506595213980E-002
   0.000000000000000E+000
   0.000000000000000E+000
   0.000000000000000E+000
   0.000000000000000E+000
   0.000000000000000E+000
   0.000000000000000E+000
   0.000000000000000E+000
   0.000000000000000E+000
   0.000000000000000E+000
   0.000000000000000E+000
   0.000000000000000E+000
   0.000000000000000E+000
   0.000000000000000E+000
   0.000000000000000E+000
   0.000000000000000E+000
   0.000000000000000E+000
   0.000000000000000E+000
   0.000000000000000E+000
   0.000000000000000E+000
   0.000000000000000E+000
   7.079958571724250E-001
   0.000000000000000E+000
   0.000000000000000E+000
   0.000000000000000E+000
   8.322259614574717E-001
   0.000000000000000E+000
  -3.102895911129090E-001
   4.454730777479660E-002
   0.000000000000000E+000
   0.000000000000000E+000
   0.000000000000000E+000
   0.000000000000000E+000
   0.000000000000000E+000
   0.000000000000000E+000
   0.000000000000000E+000
   0.000000000000000E+000
   0.000000000000000E+000
   0.000000000000000E+000
   0.000000000000000E+000
   0.000000000000000E+000
   0.000000000000000E+000
   0.000000000000000E+000
   0.000000000000000E+000
   0.000000000000000E+000
   0.000000000000000E+000
   0.000000000000000E+000
   0.000000000000000E+000
   0.000000000000000E+000
   0.000000000000000E+000
   7.079958571724250E-001
   0.000000000000000E+000
   0.000000000000000E+000
  -4.223588029547996E-001
   0.000000000000000E+000
  -3.102895911129090E-001
  -8.524648015153026E-003
   0.000000000000000E+000
   0.000000000000000E+000
   0.000000000000000E+000
   0.000000000000000E+000
   0.000000000000000E+000
   0.000000000000000E+000
   6.627422768837049E-001
   0.000000000000000E+000
   0.000000000000000E+000
   0.000000000000000E+000
   0.000000000000000E+000
   0.000000000000000E+000
   0.000000000000000E+000
   0.000000000000000E+000
   0.000000000000000E+000
   0.000000000000000E+000
   0.000000000000000E+000
   0.000000000000000E+000
   0.000000000000000E+000
   0.000000000000000E+000
   0.000000000000000E+000
   0.000000000000000E+000
   0.000000000000000E+000
   0.000000000000000E+000
   0.000000000000000E+000
        1.766664882249271
  -3.290203163438164E-001
   9.456268499957902E-002
   0.000000000000000E+000
   0.000000000000000E+000
   0.000000000000000E+000
   0.000000000000000E+000
   0.000000000000000E+000
   0.000000000000000E+000
   0.000000000000000E+000
   0.000000000000000E+000
   0.000000000000000E+000
   0.000000000000000E+000
   0.000000000000000E+000
   0.000000000000000E+000
   0.000000000000000E+000
   0.000000000000000E+000
   0.000000000000000E+000
   0.000000000000000E+000
   0.000000000000000E+000
   0.000000000000000E+000
   0.000000000000000E+000
   0.000000000000000E+000
   0.000000000000000E+000
   0.000000000000000E+000
   6.627422768837049E-001
   0.000000000000000E+000
   0.000000000000000E+000
   5.187137789133125E-001
  -3.290203163438164E-001
   3.476226943672366E-002
   0.000000000000000E+000
   0.000000000000000E+000
   0.000000000000000E+000
   0.000000000000000E+000
   0.000000000000000E+000
   0.000000000000000E+000
   0.000000000000000E+000
   0.000000000000000E+000
   0.000000000000000E+000
   0.000000000000000E+000
   0.000000000000000E+000
   0.000000000000000E+000
   0.000000000000000E+000
   0.000000000000000E+000
   0.000000000000000E+000
   0.000000000000000E+000
   0.000000000000000E+000
   0.000000000000000E+000
   0.000000000000000E+000
   0.000000000000000E+000
   0.000000000000000E+000
   0.000000000000000E+000
   0.000000000000000E+000
   6.627422768837049E-001
   0.000000000000000E+000
  -5.545397987189751E-001
  -3.290203163438164E-001
  -1.666683686012296E-002
   0.000000000000000E+000
   0.000000000000000E+000
   0.000000000000000E+000
   0.000000000000000E+000
   0.000000000000000E+000
   0.000000000000000E+000
   0.000000000000000E+000
   0.000000000000000E+000
   0.000000000000000E+000
   0.000000000000000E+000
   0.000000000000000E+000
   0.000000000000000E+000
   0.000000000000000E+000
   0.000000000000000E+000
   0.000000000000000E+000
   0.000000000000000E+000
   0.000000000000000E+000
   0.000000000000000E+000
   0.000000000000000E+000
   0.000000000000000E+000
   0.000000000000000E+000
   0.000000000000000E+000
   0.000000000000000E+000
   0.000000000000000E+000
   7.394936349342219E-001
   0.000000000000000E+000
   0.000000000000000E+000
   4.138046522111904E-002
   0.000000000000000E+000
   0.000000000000000E+000
   0.000000000000000E+000
   0.000000000000000E+000
   0.000000000000000E+000
   0.000000000000000E+000
   0.000000000000000E+000
   0.000000000000000E+000
   0.000000000000000E+000
   0.000000000000000E+000
   0.000000000000000E+000
   0.000000000000000E+000
   0.000000000000000E+000
   0.000000000000000E+000
   0.000000000000000E+000
   0.000000000000000E+000
   0.000000000000000E+000
   0.000000000000000E+000
   0.000000000000000E+000
   0.000000000000000E+000
   0.000000000000000E+000
   0.000000000000000E+000
   0.000000000000000E+000
   0.000000000000000E+000
   0.000000000000000E+000
   6.065635619176065E-001
   0.000000000000000E+000
   3.977352413238840E-002
   0.000000000000000E+000
   0.000000000000000E+000
   0.000000000000000E+000
   0.000000000000000E+000
   0.000000000000000E+000
   0.000000000000000E+000
   0.000000000000000E+000
   0.000000000000000E+000
   0.000000000000000E+000
   0.000000000000000E+000
   0.000000000000000E+000
   0.000000000000000E+000
   0.000000000000000E+000
   0.000000000000000E+000
   0.000000000000000E+000
   0.000000000000000E+000
   0.000000000000000E+000
   0.000000000000000E+000
   0.000000000000000E+000
   0.000000000000000E+000
   0.000000000000000E+000
   0.000000000000000E+000
   0.000000000000000E+000
   0.000000000000000E+000
   6.048619659413751E-001
   4.678887955724133E-001
   0.000000000000000E+000
   4.800782298579853E-002
   9.184928121283277E-003
   0.000000000000000E+000
   3.850253997461157E-002
   0.000000000000000E+000
   0.000000000000000E+000
   5.598664506582801E-002
   0.000000000000000E+000
   0.000000000000000E+000
   0.000000000000000E+000
   4.189517668506579E-002
   0.000000000000000E+000
   0.000000000000000E+000
   0.000000000000000E+000
   0.000000000000000E+000
   6.092011420198436E-002
   0.000000000000000E+000
   0.000000000000000E+000
   0.000000000000000E+000
   0.000000000000000E+000
   0.000000000000000E+000
   6.541629758557138E-002
   0.000000000000000E+000
   0.000000000000000E+000
   0.000000000000000E+000
   0.000000000000000E+000
   0.000000000000000E+000
   0.000000000000000E+000
   5.625719256528781E-002
   0.000000000000000E+000
   0.000000000000000E+000
   0.000000000000000E+000
   0.000000000000000E+000
   0.000000000000000E+000
   0.000000000000000E+000
   0.000000000000000E+000
   4.826680746683283E-002
   0.000000000000000E+000
   0.000000000000000E+000
   0.000000000000000E+000
   0.000000000000000E+000
   0.000000000000000E+000
   0.000000000000000E+000
   0.000000000000000E+000
   0.000000000000000E+000
   4.443693393854497E-002
   0.000000000000000E+000
   0.000000000000000E+000
   0.000000000000000E+000
   4.997879959613628E-002
   6.667064530378784E-002
  -4.286176744104601E-002
   0.000000000000000E+000
   0.000000000000000E+000
   0.000000000000000E+000
   6.005934291138375E-001
   0.000000000000000E+000
   0.000000000000000E+000
   0.000000000000000E+000
   0.000000000000000E+000
   0.000000000000000E+000
   0.000000000000000E+000
   7.081383946711388E-002
   4.283999792798487E-002
  -3.984755979916822E-002
   8.499348487765022E-002
   4.367150985840947E-001
   2.193089769962213E-003
   4.788130482226708E-003
   1.208806606362026E-003
   2.975921067405570E-003
   3.969814792278538E-003
  -2.552146865166160E-003
   5.465031236300127E-003
   3.306160612124370E-003
  -3.075220333080846E-003
   4.760834688743106E-002
   4.484606565277573E-002
   9.731637380997804E-003
   0.000000000000000E+000
   0.000000000000000E+000
   0.000000000000000E+000
   0.000000000000000E+000
   0.000000000000000E+000
   0.000000000000000E+000
   0.000000000000000E+000
   0.000000000000000E+000
   0.000000000000000E+000
   0.000000000000000E+000
   0.000000000000000E+000
   0.000000000000000E+000
   1.491050098139844E-002
   0.000000000000000E+000
   0.000000000000000E+000
   0.000000000000000E+000
   0.000000000000000E+000
   0.000000000000000E+000
   0.000000000000000E+000
   0.000000000000000E+000
   0.000000000000000E+000
   0.000000000000000E+000
   0.000000000000000E+000
   0.000000000000000E+000
   0.000000000000000E+000
   0.000000000000000E+000
   2.077506045360778E-002
   0.000000000000000E+000
   0.000000000000000E+000
   0.000000000000000E+000
   0.000000000000000E+000
   0.000000000000000E+000
   0.000000000000000E+000
   0.000000000000000E+000
   0.000000000000000E+000
   0.000000000000000E+000
   0.000000000000000E+000
   0.000000000000000E+000
   0.000000000000000E+000
   0.000000000000000E+000
   0.000000000000000E+000
   1.317029739112536E-002
   0.000000000000000E+000
   0.000000000000000E+000
   0.000000000000000E+000
   0.000000000000000E+000
   0.000000000000000E+000
   0.000000000000000E+000
   0.000000000000000E+000
   0.000000000000000E+000
   0.000000000000000E+000
   0.000000000000000E+000
   0.000000000000000E+000
   0.000000000000000E+000
   0.000000000000000E+000
   0.000000000000000E+000
   0.000000000000000E+000
   1.352054476869412E-002
   0.000000000000000E+000
   0.000000000000000E+000
   0.000000000000000E+000
   9.025980081787250E-003
   0.000000000000000E+000
   0.000000000000000E+000
   0.000000000000000E+000
   0.000000000000000E+000
   0.000000000000000E+000
   0.000000000000000E+000
   0.000000000000000E+000
   0.000000000000000E+000
   8.997768131651439E-003
  -1.209031750913132E-002
   0.000000000000000E+000
   0.000000000000000E+000
   7.852308543960293E-002
   0.000000000000000E+000
   0.000000000000000E+000
   0.000000000000000E+000
   0.000000000000000E+000
   0.000000000000000E+000
   0.000000000000000E+000
   1.179620206623524E-002
   0.000000000000000E+000
   0.000000000000000E+000
   0.000000000000000E+000
   0.000000000000000E+000
   0.000000000000000E+000
   0.000000000000000E+000
   0.000000000000000E+000
   7.220739656660978E-003
  -6.320954040645714E-003
   1.289822241788310E-002
   7.102823028000102E-002
  -1.237131283271566E-003
  -5.439341043693864E-003
  -7.189981026819039E-003
  -2.001779175002726E-003
   0.000000000000000E+000
   0.000000000000000E+000
  -3.022381065169787E-003
   0.000000000000000E+000
   0.000000000000000E+000
   0.000000000000000E+000
   0.000000000000000E+000
   0.000000000000000E+000
  -5.935938003778530E-003
  -8.270645703401502E-003
  -6.457411456664517E-003
  -6.629138135372868E-003
  -2.362125649193396E-003
  -6.224856878955472E-003
   2.821730267607066E-002
   8.940815613482055E-004
   1.988878876176906E-003
   5.361070392617402E-004
   7.131412250454887E-004
   0.000000000000000E+000
   0.000000000000000E+000
   1.143253127922390E-003
   0.000000000000000E+000
   0.000000000000000E+000
   0.000000000000000E+000
   0.000000000000000E+000
   0.000000000000000E+000
   8.018471496205497E-004
  -7.025084838661513E-004
   8.061386734854554E-004
  -4.222495282287406E-004
   7.930050989176329E-003
   8.878612277823179E-003
  -4.491278957628257E-003
   3.097649977653689E-003
   0.000000000000000E+000
   0.000000000000000E+000
   0.000000000000000E+000
   0.000000000000000E+000
   0.000000000000000E+000
   0.000000000000000E+000
   0.000000000000000E+000
   0.000000000000000E+000
   0.000000000000000E+000
   0.000000000000000E+000
   0.000000000000000E+000
   0.000000000000000E+000
   0.000000000000000E+000
   0.000000000000000E+000
   0.000000000000000E+000
   0.000000000000000E+000
   0.000000000000000E+000
   0.000000000000000E+000
   0.000000000000000E+000
   0.000000000000000E+000
   4.732840629786945E-002
   0.000000000000000E+000
   0.000000000000000E+000
   0.000000000000000E+000
   0.000000000000000E+000
   0.000000000000000E+000
   0.000000000000000E+000
   0.000000000000000E+000
   0.000000000000000E+000
   0.000000000000000E+000
   0.000000000000000E+000
   0.000000000000000E+000
   0.000000000000000E+000
   0.000000000000000E+000
   0.000000000000000E+000
   0.000000000000000E+000
   0.000000000000000E+000
   0.000000000000000E+000
   0.000000000000000E+000
   0.000000000000000E+000
   0.000000000000000E+000
   0.000000000000000E+000
   5.889827138893376E-002
   0.000000000000000E+000
   0.000000000000000E+000
   0.000000000000000E+000
   0.000000000000000E+000
   0.000000000000000E+000
   0.000000000000000E+000
   0.000000000000000E+000
   0.000000000000000E+000
   0.000000000000000E+000
   0.000000000000000E+000
   0.000000000000000E+000
   0.000000000000000E+000
   0.000000000000000E+000
   0.000000000000000E+000
   0.000000000000000E+000
   0.000000000000000E+000
   0.000000000000000E+000
   0.000000000000000E+000
   0.000000000000000E+000
   0.000000000000000E+000
   0.000000000000000E+000
   0.000000000000000E+000
   4.657891140231113E-002
   0.000000000000000E+000
   0.000000000000000E+000
   0.000000000000000E+000
   0.000000000000000E+000
   0.000000000000000E+000
   0.000000000000000E+000
   0.000000000000000E+000
   0.000000000000000E+000
   0.000000000000000E+000
   0.000000000000000E+000
   0.000000000000000E+000
   0.000000000000000E+000
   0.000000000000000E+000
   0.000000000000000E+000
   0.000000000000000E+000
   0.000000000000000E+000
   0.000000000000000E+000
   0.000000000000000E+000
   0.000000000000000E+000
   0.000000000000000E+000
   0.000000000000000E+000
   0.000000000000000E+000
   0.000000000000000E+000
   5.211323336341848E-002
   0.000000000000000E+000
   0.000000000000000E+000
   0.000000000000000E+000
   4.768231188312826E-002
   0.000000000000000E+000
   0.000000000000000E+000
   0.000000000000000E+000
   0.000000000000000E+000
   0.000000000000000E+000
   0.000000000000000E+000
   0.000000000000000E+000
   0.000000000000000E+000
   0.000000000000000E+000
   0.000000000000000E+000
   0.000000000000000E+000
   0.000000000000000E+000
   0.000000000000000E+000
   0.000000000000000E+000
   0.000000000000000E+000
   0.000000000000000E+000
   5.563299281552398E-002
  -3.513608610548500E-002
   0.000000000000000E+000
   0.000000000000000E+000
   5.659948774915069E-001
   0.000000000000000E+000
   0.000000000000000E+000
   0.000000000000000E+000
   0.000000000000000E+000
   0.000000000000000E+000
   0.000000000000000E+000
   5.640623311533811E-002
   0.000000000000000E+000
   0.000000000000000E+000
   0.000000000000000E+000
   0.000000000000000E+000
   0.000000000000000E+000
   0.000000000000000E+000
   0.000000000000000E+000
   0.000000000000000E+000
   0.000000000000000E+000
   0.000000000000000E+000
   0.000000000000000E+000
   0.000000000000000E+000
   0.000000000000000E+000
   0.000000000000000E+000
   0.000000000000000E+000
   3.645628775150687E-002
  -4.360497730102724E-002
   1.012112864107042E-001
   4.169101821424623E-001
  -3.433025144410766E-003
  -1.311628371597942E-002
  -1.837105992732389E-002
  -7.758215137957141E-003
   0.000000000000000E+000
   0.000000000000000E+000
  -1.050498985395749E-002
   0.000000000000000E+000
   0.000000000000000E+000
   0.000000000000000E+000
   0.000000000000000E+000
   0.000000000000000E+000
   0.000000000000000E+000
   0.000000000000000E+000
   0.000000000000000E+000
   0.000000000000000E+000
   0.000000000000000E+000
   0.000000000000000E+000
   0.000000000000000E+000
   0.000000000000000E+000
  -2.074236973199554E-002
  -2.581303317157490E-002
  -2.312423501425161E-002
  -2.587176512649100E-002
  -2.988054470284755E-002
  -2.445404968361262E-002
   8.826354847139142E-002
   1.535023342789641E-003
   3.065568098759555E-003
   1.097540767032959E-003
   2.250659600953168E-003
   0.000000000000000E+000
   0.000000000000000E+000
   3.019205797144464E-003
   0.000000000000000E+000
   0.000000000000000E+000
   0.000000000000000E+000
   0.000000000000000E+000
   0.000000000000000E+000
   0.000000000000000E+000
   0.000000000000000E+000
   0.000000000000000E+000
   0.000000000000000E+000
   0.000000000000000E+000
   0.000000000000000E+000
   0.000000000000000E+000
   0.000000000000000E+000
   2.977917258247946E-003
  -7.091666246421840E-004
   2.443164899408624E-003
  -1.310558853745835E-003
   3.270165531156818E-002
   2.717112529269026E-002
  -9.740009147334021E-003
   4.586522064195657E-003
      525.412776583129471
      229.152192477166693
      143.578752107351931
       62.515830623608849
       48.820576244380270
       39.612316948432884
      -14.811587583811260
       -1.742086281963779
       11.212501347452836
       31.458462013044173
       -3.062716445061644
        5.261541297756481
        8.517848567498161
       11.884786189737529
       18.721312207490929
       14.994787079817826
       13.028083120291836
       12.054670762258944
        5.452342618629906
        6.034941553949387
       14.910554118272330
      -25.423418900904338
       -4.242603962476551
       11.113074785154849
        9.377985885646675
        5.100548394984521
        6.336941750505082
       31.453692681203670
   3.696964116477837E-001
        9.736383576278039
       15.267265985556953
        9.086973755934270
        5.816372675664326
        6.787700359248849
       14.443443693392785
       22.143841101439541
       29.288778600594984
       23.611548028449306
       17.291561865554812
        5.400948511588091
        6.237700531004553
        7.491999699305213
        4.472306379627824
        8.059160106503588
       22.961325257596240
       59.676878325244168
       32.708661279734301
        9.073386990667338
       -4.572023732286331
       -4.152340988565332
        2.036459930999949
       -3.109375088271800
  -1.129481028522905E-001
        3.610789132259374
       12.244639271227662
       84.612458280741734
       44.731578590746253
       10.862960121941517
       -3.950281101558810
  -7.074850019526976E-001
        1.179965328698108
      -10.538345261436575
       -4.032887207266350
        7.168747728768103
       12.696572131104837
       22.334615110662103
     -869.334969228484510
     -457.709180301250456
     -127.546260679689823
       28.210573348546198
       20.545433671431439
      -20.166399179125335
       53.540189644509312
       11.618929540597884
      -59.041522400505151
     -136.129010591701956
     -191.110890408853777
     2085.391217401343965
       -3.508916598684834
        6.907200457658251
       12.671516281361210
       15.252576496107409
        5.942386503608401
        4.420556345552888
        8.255401107392622
        7.595498687436800
        6.026109610943262
  -8.620124106542021E-001
  -9.713133052382046E-001
   8.141281863657106E-001
       92.393909371966870
       11.634544048360425
       11.969811723176717
       14.702532575647762
        6.499981872603687
        3.921575246046664
        4.683148074784308
        8.477246905380524
        7.303506651236797
        6.202549368452127
        1.712188053207649
        1.099725724385431
      -23.258767338342494
       26.577101467502263
       63.293974394781699
        7.613804966450747
       13.596300851496792
       17.226307040087811
        5.943412334582521
        4.987776337217178
        6.268100502163818
       13.651121458160954
        9.875261128502833
        7.096092783942463
        1.826940535557201
  -1.856292225588296E-001
      -20.204439427365667
       14.059758193056602
       24.131468426263996
       86.656207197174609
       22.794826990495235
       21.895065358589243
       18.868909603168550
        5.871382711979005
        4.986752140941113
        6.227514369219989
        8.372071393385117
        8.471483116398826
        8.005153889457363
        3.802736815308842
        3.746354622810329
      -51.457960522973373
        5.452695099023426
       10.972640881771762
       40.859550633222618
       62.095035684986591
       56.266601153696556
       25.193654761894862
        3.199753342535449
       -8.339697713714910
       -2.725426038230387
   2.138650770238826E-001
       -4.128534331302160
       -1.973925179368760
        1.518885636997071
        7.341738029105390
        9.707458555529699
      -97.528852562979012
      -22.922403595181489
        1.680251416136783
       -7.922963493262042
   3.956723001941875E-001
       36.936207313808744
       72.926906881547254
       34.780803226938474
        4.550695329148485
       -4.353064228968901
       -1.659280100801300
   1.908122583690087E-001
      -10.802329243447851
       -3.581808915114315
        2.655146568050974
        9.071932971062258
       14.265055116428005
     -132.468157014349657
       -9.040745581474610
       -2.840542768836893
      -14.606291586809494
  -2.113387531576837E-001
       20.313863974999229
       39.131398294896698
        8.817841727205600
       24.478168091879279
       35.371813813273597
       20.557818224833056
       11.668037559289148
       12.036924896030909
       21.895584209580051
       18.966105263707441
       15.216847791876871
        1.964897034184986
   4.005491753798118E-002
      -30.576262325275184
       59.653125356327195
       53.352575157920782
       49.654884731901781
       35.523722766826914
      -27.580262413493120
      -20.583715498676362
      184.497134976723970
     -624.499320958251587
     -293.582788742014941
      -35.384377627756479
       52.919165016419640
       18.598247932515939
       -2.761105473927794
       68.524018462531743
       25.250483258157253
      -20.430786074703470
      -78.452618713332740
     -115.165296253634352
     1114.099225364810309
      116.523455920378225
       51.348712455965412
       88.949654515509479
       42.654062701536070
     -178.961771591567754
     -202.291994444678153
      310.121588466841388
     2162.307706780844910
        3.292843140707205
       13.281579640678608
       14.485320249479015
       11.986002129061099
        6.074004300848334
        5.333909286813897
        8.366427454270180
        8.017725679444041
        6.691861760139027
   7.809241328362533E-001
   6.450979138303587E-001
      -18.070284450513391
        8.443834213081816
        6.570526436923928
        7.650765218281184
        7.622965643789649
       -2.112706248806831
       -1.310929190623697
       17.479772456298161
       14.771281228621941
       27.690714648506493
       20.000926794336209
       18.264887791442430
       16.454172618480676
        7.686498228438014
        4.579884535709192
        5.292178765202864
        7.009319377301853
        7.433300039710519
        7.412062663199108
        2.890794907438322
        3.228380993776408
      -42.845203905197451
        6.558760032919436
        6.407229441601432
        7.875433976616611
        8.222019255338058
   2.782951396603721E-001
   8.472237967659293E-001
       16.192352353912369
       -5.463310970587273
       12.281559474962648
       20.019188924015271
        3.281902561696270
       13.704939247766148
       16.011791418228228
        9.700520096425858
        5.575108878964748
        6.065384821697883
       13.765599788584439
        9.960351297985920
        7.119102978979402
        1.088682294258703
  -5.965047761542728E-001
      -15.275879492445824
        8.142807114178215
        7.601269258129753
        9.906302619851454
        8.834103439701432
       -1.624513646238315
       -2.703553732453042
       19.612333851038464
       19.164247277744167
       15.180655768238253
       12.126633601079879
       28.457754440920723
       16.803765966884285
       18.765147712462234
       18.423526477370206
        9.823152382213912
        5.847889488238412
        6.015220664465672
        7.624236107512533
        8.458566818021179
        7.956802658667603
        2.579879401112112
        2.891219553626104
      -39.972152653211765
        8.206165355970612
        7.287774194065561
        8.588814011187315
        8.956953071689972
  -6.957429746094022E-001
   1.977934897760560E-001
       18.837943717299275
        1.358047676414010
       12.466702918499990
       12.457770521517544
       16.514071110031281
       26.350201896017925
       54.000573446661306
       24.788337666212676
        3.183786993335689
       -6.517510425044876
       -2.308483807650849
   2.182389726399825E-001
       -4.791779094300134
       -1.979397453662725
        1.770773075739796
        6.941980960075057
        9.620982608217059
      -94.797876929121813
       -3.120107167714450
  -5.255167916549081E-001
  -8.207531904688879E-001
   9.004127468441256E-001
        7.105163733581511
        8.530629408044824
       -3.662238735342430
      -75.194876495572260
       -4.201585295057390
   6.687342325140186E-001
       -2.595883934756426
       -2.386118234673632
       10.226053905261102
       59.772175996651050
       28.595868887365476
        4.284719696830755
       -4.507914409505949
       -1.461817890611027
   2.251932771405192E-001
       -9.596375058989997
       -3.056144682892197
        2.325632972744862
        7.565678457324904
       11.897270282388009
     -109.433139428939285
       -2.276532942323636
  -7.139116588299351E-001
       -2.045990622875449
   8.296611699151398E-001
        7.191476543873556
       10.512163876293585
       -3.866376518604481
      -85.055705213124583
       -1.977954290528678
  -3.170689853678947E-001
       -4.265802379767415
   9.171146237553752E-001
        7.898910339487671
       12.732450084009010
       -8.041973245214848
       16.320273371901010
       33.325854329954062
       24.378786884972286
       12.754460348065670
       11.867132456703745
       23.775088528753848
       19.551860707047773
       14.409926843839306
  -4.988431255340373E-001
       -3.173613081297617
   2.320765617197651E-001
       18.046165373092716
       15.111096702860035
       19.157700131850884
       17.571447320339900
       -6.581413186191497
       -7.392752052071835
       40.678769423528493
       64.559345522736464
       27.450752816383115
       24.073641747742670
       30.549230195914433
       31.164784309354161
       -9.250097243574881
       -9.341302343446642
      101.174043510628636
    -1095.648747767549139
     -515.909817537935396
      -68.223263363761561
      107.821411034141590
       35.288361548222696
       -6.104507991526290
      123.767123738644841
       44.607737680246061
      -37.922610242335367
     -139.689083260137522
     -203.362799864089880
     1963.158521435239891
       49.375554969783678
       10.018430189645322
       25.876460251878257
      -15.663337454452993
     -139.497208781638733
     -181.821299792986792
       70.864417754672900
     1542.752387431683019
       56.811996940342397
       13.391912003168414
       71.164235110558081
       42.038113381232051
     -163.287548665900545
     -180.086916737748425
      257.998750448717601
     3919.571962724974583
