   2.425306595519344E-003
           3
          12
          24
   4.324300967303086E-001
   0.000000000000000E+000
   0.000000000000000E+000
   0.000000000000000E+000
   0.000000000000000E+000
   0.000000000000000E+000
   0.000000000000000E+000
   0.000000000000000E+000
   0.000000000000000E+000
   0.000000000000000E+000
   0.000000000000000E+000
   1.974578037163112E-001
   0.000000000000000E+000
   0.000000000000000E+000
   0.000000000000000E+000
   0.000000000000000E+000
   0.000000000000000E+000
   0.000000000000000E+000
   0.000000000000000E+000
   0.000000000000000E+000
   0.000000000000000E+000
   0.000000000000000E+000
   0.000000000000000E+000
   0.000000000000000E+000
   0.000000000000000E+000
   4.324300967303086E-001
   0.000000000000000E+000
   0.000000000000000E+000
   0.000000000000000E+000
   0.000000000000000E+000
   0.000000000000000E+000
   0.000000000000000E+000
   0.000000000000000E+000
   0.000000000000000E+000
   0.000000000000000E+000
   9.935672619410837E-002
   0.000000000000000E+000
   0.000000000000000E+000
   0.000000000000000E+000
   0.000000000000000E+000
   0.000000000000000E+000
   0.000000000000000E+000
   0.000000000000000E+000
   0.000000000000000E+000
   0.000000000000000E+000
   0.000000000000000E+000
   0.000000000000000E+000
   0.000000000000000E+000
   0.000000000000000E+000
   0.000000000000000E+000
   4.324300967303086E-001
   0.000000000000000E+000
   0.000000000000000E+000
   0.000000000000000E+000
   0.000000000000000E+000
   0.000000000000000E+000
   0.000000000000000E+000
   0.000000000000000E+000
   0.000000000000000E+000
   1.871303880003870E-002
   0.000000000000000E+000
   0.000000000000000E+000
   0.000000000000000E+000
   0.000000000000000E+000
   0.000000000000000E+000
   0.000000000000000E+000
   0.000000000000000E+000
   0.000000000000000E+000
   0.000000000000000E+000
   0.000000000000000E+000
   0.000000000000000E+000
   0.000000000000000E+000
   0.000000000000000E+000
   0.000000000000000E+000
   0.000000000000000E+000
   6.738692473225263E-001
   0.000000000000000E+000
   0.000000000000000E+000
   0.000000000000000E+000
   0.000000000000000E+000
   0.000000000000000E+000
        1.786870203692084
   0.000000000000000E+000
   1.080569141862717E-001
   0.000000000000000E+000
   0.000000000000000E+000
   0.000000000000000E+000
   0.000000000000000E+000
   0.000000000000000E+000
   0.000000000000000E+000
   0.000000000000000E+000
   0.000000000000000E+000
   0.000000000000000E+000
   0.000000000000000E+000
   0.000000000000000E+000
   0.000000000000000E+000
   0.000000000000000E+000
   0.000000000000000E+000
   0.000000000000000E+000
   0.000000000000000E+000
   6.738692473225263E-001
   0.000000000000000E+000
   0.000000000000000E+000
   0.000000000000000E+000
   0.000000000000000E+000
   7.388323725620438E-001
   0.000000000000000E+000
   4.467920843663793E-002
   0.000000000000000E+000
   0.000000000000000E+000
   0.000000000000000E+000
   0.000000000000000E+000
   0.000000000000000E+000
   0.000000000000000E+000
   0.000000000000000E+000
   0.000000000000000E+000
   0.000000000000000E+000
   0.000000000000000E+000
   0.000000000000000E+000
   0.000000000000000E+000
   0.000000000000000E+000
   0.000000000000000E+000
   0.000000000000000E+000
   0.000000000000000E+000
   0.000000000000000E+000
   6.738692473225263E-001
   0.000000000000000E+000
   0.000000000000000E+000
   0.000000000000000E+000
  -4.424428801782693E-001
   0.000000000000000E+000
  -2.675572754918950E-002
   0.000000000000000E+000
   0.000000000000000E+000
   0.000000000000000E+000
   0.000000000000000E+000
   0.000000000000000E+000
   0.000000000000000E+000
   0.000000000000000E+000
   0.000000000000000E+000
   0.000000000000000E+000
   0.000000000000000E+000
   0.000000000000000E+000
   0.000000000000000E+000
   0.000000000000000E+000
   0.000000000000000E+000
   0.000000000000000E+000
   0.000000000000000E+000
   0.000000000000000E+000
   0.000000000000000E+000
   5.890447431376212E-001
   0.000000000000000E+000
   0.000000000000000E+000
   0.000000000000000E+000
        1.493046242531607
   1.129714901338560E-001
   0.000000000000000E+000
   0.000000000000000E+000
   0.000000000000000E+000
   0.000000000000000E+000
   0.000000000000000E+000
   0.000000000000000E+000
   0.000000000000000E+000
   0.000000000000000E+000
   0.000000000000000E+000
   0.000000000000000E+000
   0.000000000000000E+000
   0.000000000000000E+000
   0.000000000000000E+000
   0.000000000000000E+000
   0.000000000000000E+000
   0.000000000000000E+000
   0.000000000000000E+000
   0.000000000000000E+000
   0.000000000000000E+000
   5.890447431376212E-001
   0.000000000000000E+000
   0.000000000000000E+000
   5.167658950449642E-001
   3.910114204808332E-002
   0.000000000000000E+000
   0.000000000000000E+000
   0.000000000000000E+000
   0.000000000000000E+000
   0.000000000000000E+000
   0.000000000000000E+000
   0.000000000000000E+000
   0.000000000000000E+000
   0.000000000000000E+000
   0.000000000000000E+000
   0.000000000000000E+000
   0.000000000000000E+000
   0.000000000000000E+000
   0.000000000000000E+000
   0.000000000000000E+000
   0.000000000000000E+000
   0.000000000000000E+000
   0.000000000000000E+000
   0.000000000000000E+000
   0.000000000000000E+000
   5.890447431376212E-001
   0.000000000000000E+000
  -5.221599287180704E-001
  -3.950928213411960E-002
   0.000000000000000E+000
   0.000000000000000E+000
   0.000000000000000E+000
   0.000000000000000E+000
   0.000000000000000E+000
   0.000000000000000E+000
   0.000000000000000E+000
   0.000000000000000E+000
   0.000000000000000E+000
   0.000000000000000E+000
   0.000000000000000E+000
   0.000000000000000E+000
   0.000000000000000E+000
   0.000000000000000E+000
   0.000000000000000E+000
   0.000000000000000E+000
   0.000000000000000E+000
   0.000000000000000E+000
   0.000000000000000E+000
   0.000000000000000E+000
   0.000000000000000E+000
   5.753124793366123E-001
   0.000000000000000E+000
   4.911733976486501E-002
   0.000000000000000E+000
   0.000000000000000E+000
   0.000000000000000E+000
   0.000000000000000E+000
   0.000000000000000E+000
   0.000000000000000E+000
   0.000000000000000E+000
   0.000000000000000E+000
   0.000000000000000E+000
   0.000000000000000E+000
   0.000000000000000E+000
   0.000000000000000E+000
   0.000000000000000E+000
   0.000000000000000E+000
   0.000000000000000E+000
   0.000000000000000E+000
   0.000000000000000E+000
   0.000000000000000E+000
   0.000000000000000E+000
   0.000000000000000E+000
   0.000000000000000E+000
   0.000000000000000E+000
   3.842569542440142E-001
   4.474424814696219E-002
   0.000000000000000E+000
   0.000000000000000E+000
   0.000000000000000E+000
   0.000000000000000E+000
   0.000000000000000E+000
   0.000000000000000E+000
   0.000000000000000E+000
   0.000000000000000E+000
   0.000000000000000E+000
   0.000000000000000E+000
   0.000000000000000E+000
   0.000000000000000E+000
   0.000000000000000E+000
   0.000000000000000E+000
   0.000000000000000E+000
   0.000000000000000E+000
   0.000000000000000E+000
   0.000000000000000E+000
   0.000000000000000E+000
   0.000000000000000E+000
   0.000000000000000E+000
   5.156116601488459E-001
   3.148705045354155E-001
   5.500515076884203E-002
   0.000000000000000E+000
   0.000000000000000E+000
   0.000000000000000E+000
   0.000000000000000E+000
   0.000000000000000E+000
   0.000000000000000E+000
   0.000000000000000E+000
   0.000000000000000E+000
   0.000000000000000E+000
   0.000000000000000E+000
   0.000000000000000E+000
   0.000000000000000E+000
   5.959210130793245E-001
   0.000000000000000E+000
   0.000000000000000E+000
   0.000000000000000E+000
   0.000000000000000E+000
   0.000000000000000E+000
   0.000000000000000E+000
   0.000000000000000E+000
   0.000000000000000E+000
   0.000000000000000E+000
   0.000000000000000E+000
   0.000000000000000E+000
   0.000000000000000E+000
   0.000000000000000E+000
   0.000000000000000E+000
   0.000000000000000E+000
  -5.959210130793245E-001
   5.145376063210821E-001
   0.000000000000000E+000
   0.000000000000000E+000
   0.000000000000000E+000
   0.000000000000000E+000
   0.000000000000000E+000
   0.000000000000000E+000
   0.000000000000000E+000
   5.959210130793245E-001
   0.000000000000000E+000
   0.000000000000000E+000
   0.000000000000000E+000
   0.000000000000000E+000
   0.000000000000000E+000
   0.000000000000000E+000
   0.000000000000000E+000
   0.000000000000000E+000
   0.000000000000000E+000
   0.000000000000000E+000
   0.000000000000000E+000
   0.000000000000000E+000
   0.000000000000000E+000
   0.000000000000000E+000
  -5.959210130793245E-001
   2.577984333584446E-001
   0.000000000000000E+000
   0.000000000000000E+000
   0.000000000000000E+000
   0.000000000000000E+000
   0.000000000000000E+000
   0.000000000000000E+000
   0.000000000000000E+000
   0.000000000000000E+000
   5.959210130793245E-001
   0.000000000000000E+000
   0.000000000000000E+000
   0.000000000000000E+000
   0.000000000000000E+000
   0.000000000000000E+000
   0.000000000000000E+000
   0.000000000000000E+000
   0.000000000000000E+000
   0.000000000000000E+000
   0.000000000000000E+000
   0.000000000000000E+000
   0.000000000000000E+000
   0.000000000000000E+000
  -5.959210130793245E-001
   4.674679020472917E-002
   0.000000000000000E+000
   0.000000000000000E+000
   0.000000000000000E+000
   0.000000000000000E+000
   0.000000000000000E+000
   0.000000000000000E+000
   0.000000000000000E+000
   0.000000000000000E+000
   0.000000000000000E+000
   8.159221542410955E-001
   0.000000000000000E+000
   0.000000000000000E+000
   0.000000000000000E+000
   0.000000000000000E+000
   0.000000000000000E+000
        1.336235402019136
   0.000000000000000E+000
   0.000000000000000E+000
   0.000000000000000E+000
   0.000000000000000E+000
   0.000000000000000E+000
   0.000000000000000E+000
  -4.290414432330975E-001
   1.909792025512815E-001
   0.000000000000000E+000
   0.000000000000000E+000
   0.000000000000000E+000
   0.000000000000000E+000
   0.000000000000000E+000
   0.000000000000000E+000
   0.000000000000000E+000
   0.000000000000000E+000
   0.000000000000000E+000
   0.000000000000000E+000
   0.000000000000000E+000
   0.000000000000000E+000
   0.000000000000000E+000
   0.000000000000000E+000
   0.000000000000000E+000
   5.315793421986784E-001
   0.000000000000000E+000
   0.000000000000000E+000
   8.159221542410955E-001
   0.000000000000000E+000
   0.000000000000000E+000
   0.000000000000000E+000
  -4.290414432330975E-001
   7.447796210760924E-002
   0.000000000000000E+000
   0.000000000000000E+000
   0.000000000000000E+000
   0.000000000000000E+000
   0.000000000000000E+000
   0.000000000000000E+000
   0.000000000000000E+000
   0.000000000000000E+000
   0.000000000000000E+000
   0.000000000000000E+000
   0.000000000000000E+000
   0.000000000000000E+000
   0.000000000000000E+000
   0.000000000000000E+000
   0.000000000000000E+000
  -3.066865918383248E-001
   0.000000000000000E+000
   0.000000000000000E+000
   0.000000000000000E+000
   8.159221542410955E-001
   0.000000000000000E+000
   0.000000000000000E+000
  -4.290414432330975E-001
  -4.688944691777618E-002
   0.000000000000000E+000
   0.000000000000000E+000
   0.000000000000000E+000
   0.000000000000000E+000
   0.000000000000000E+000
   0.000000000000000E+000
   0.000000000000000E+000
   0.000000000000000E+000
   0.000000000000000E+000
   0.000000000000000E+000
   0.000000000000000E+000
   0.000000000000000E+000
   7.482523420268636E-001
   0.000000000000000E+000
   0.000000000000000E+000
   0.000000000000000E+000
        1.287055355784357
   0.000000000000000E+000
   0.000000000000000E+000
   0.000000000000000E+000
   0.000000000000000E+000
   0.000000000000000E+000
  -4.923054556458158E-001
   2.303069617167088E-001
   0.000000000000000E+000
   0.000000000000000E+000
   0.000000000000000E+000
   0.000000000000000E+000
   0.000000000000000E+000
   0.000000000000000E+000
   0.000000000000000E+000
   0.000000000000000E+000
   0.000000000000000E+000
   0.000000000000000E+000
   0.000000000000000E+000
   0.000000000000000E+000
   0.000000000000000E+000
   0.000000000000000E+000
   0.000000000000000E+000
   0.000000000000000E+000
   4.527760149153904E-001
   0.000000000000000E+000
   0.000000000000000E+000
   0.000000000000000E+000
   7.482523420268636E-001
   0.000000000000000E+000
  -4.923054556458158E-001
   7.917100591827400E-002
   0.000000000000000E+000
   0.000000000000000E+000
   0.000000000000000E+000
   0.000000000000000E+000
   0.000000000000000E+000
   0.000000000000000E+000
   0.000000000000000E+000
   0.000000000000000E+000
   0.000000000000000E+000
   0.000000000000000E+000
   0.000000000000000E+000
   0.000000000000000E+000
   0.000000000000000E+000
   0.000000000000000E+000
   0.000000000000000E+000
   0.000000000000000E+000
  -2.081377355987079E-001
   0.000000000000000E+000
   0.000000000000000E+000
   0.000000000000000E+000
   0.000000000000000E+000
   7.482523420268636E-001
  -4.923054556458158E-001
  -4.055847375484800E-002
   0.000000000000000E+000
   0.000000000000000E+000
   0.000000000000000E+000
   0.000000000000000E+000
   0.000000000000000E+000
   0.000000000000000E+000
   0.000000000000000E+000
   0.000000000000000E+000
   0.000000000000000E+000
   0.000000000000000E+000
   0.000000000000000E+000
   0.000000000000000E+000
   0.000000000000000E+000
   0.000000000000000E+000
   0.000000000000000E+000
   5.878075180322178E-001
   0.000000000000000E+000
   0.000000000000000E+000
   0.000000000000000E+000
   0.000000000000000E+000
   0.000000000000000E+000
   0.000000000000000E+000
   0.000000000000000E+000
   1.305029199277596E-001
   0.000000000000000E+000
   0.000000000000000E+000
   0.000000000000000E+000
   0.000000000000000E+000
   0.000000000000000E+000
   0.000000000000000E+000
   0.000000000000000E+000
   0.000000000000000E+000
   0.000000000000000E+000
   0.000000000000000E+000
   0.000000000000000E+000
   0.000000000000000E+000
   0.000000000000000E+000
   0.000000000000000E+000
   0.000000000000000E+000
   0.000000000000000E+000
   4.533495768137201E-001
   0.000000000000000E+000
   0.000000000000000E+000
   0.000000000000000E+000
   0.000000000000000E+000
   0.000000000000000E+000
   0.000000000000000E+000
   1.342196402312241E-001
   0.000000000000000E+000
   0.000000000000000E+000
   0.000000000000000E+000
   0.000000000000000E+000
   0.000000000000000E+000
   0.000000000000000E+000
   0.000000000000000E+000
   0.000000000000000E+000
   0.000000000000000E+000
   0.000000000000000E+000
   0.000000000000000E+000
   0.000000000000000E+000
   0.000000000000000E+000
   0.000000000000000E+000
   0.000000000000000E+000
   4.856026917083504E-001
   3.263951974443655E-001
   0.000000000000000E+000
   0.000000000000000E+000
   0.000000000000000E+000
   0.000000000000000E+000
   0.000000000000000E+000
   0.000000000000000E+000
   1.294363867725685E-001
   0.000000000000000E+000
   0.000000000000000E+000
   0.000000000000000E+000
   0.000000000000000E+000
   0.000000000000000E+000
   0.000000000000000E+000
   4.640282929949776E-001
   0.000000000000000E+000
   0.000000000000000E+000
   0.000000000000000E+000
   0.000000000000000E+000
   0.000000000000000E+000
   0.000000000000000E+000
   0.000000000000000E+000
   0.000000000000000E+000
   0.000000000000000E+000
   0.000000000000000E+000
   0.000000000000000E+000
   0.000000000000000E+000
   0.000000000000000E+000
   0.000000000000000E+000
   0.000000000000000E+000
   0.000000000000000E+000
   0.000000000000000E+000
   0.000000000000000E+000
   0.000000000000000E+000
   0.000000000000000E+000
   0.000000000000000E+000
  -4.640282929949776E-001
   2.513269637158967E-001
   0.000000000000000E+000
   4.640282929949776E-001
   0.000000000000000E+000
   0.000000000000000E+000
   0.000000000000000E+000
   0.000000000000000E+000
   0.000000000000000E+000
   0.000000000000000E+000
   0.000000000000000E+000
   0.000000000000000E+000
   0.000000000000000E+000
   0.000000000000000E+000
   0.000000000000000E+000
   0.000000000000000E+000
   0.000000000000000E+000
   0.000000000000000E+000
   0.000000000000000E+000
   0.000000000000000E+000
   0.000000000000000E+000
   0.000000000000000E+000
   0.000000000000000E+000
   0.000000000000000E+000
  -4.640282929949776E-001
   1.301111103269587E-001
   0.000000000000000E+000
   0.000000000000000E+000
   4.640282929949776E-001
   0.000000000000000E+000
   0.000000000000000E+000
   0.000000000000000E+000
   0.000000000000000E+000
   0.000000000000000E+000
   0.000000000000000E+000
   0.000000000000000E+000
   0.000000000000000E+000
   0.000000000000000E+000
   0.000000000000000E+000
   0.000000000000000E+000
   0.000000000000000E+000
   0.000000000000000E+000
   0.000000000000000E+000
   0.000000000000000E+000
   0.000000000000000E+000
   0.000000000000000E+000
   0.000000000000000E+000
   0.000000000000000E+000
  -4.640282929949776E-001
   3.046599291537382E-002
   0.000000000000000E+000
   0.000000000000000E+000
   0.000000000000000E+000
   7.057608590931554E-001
   0.000000000000000E+000
   0.000000000000000E+000
   0.000000000000000E+000
   0.000000000000000E+000
   0.000000000000000E+000
        1.668925491838789
   0.000000000000000E+000
   0.000000000000000E+000
   0.000000000000000E+000
   0.000000000000000E+000
   0.000000000000000E+000
   0.000000000000000E+000
   0.000000000000000E+000
   0.000000000000000E+000
   0.000000000000000E+000
   0.000000000000000E+000
   0.000000000000000E+000
   0.000000000000000E+000
  -3.711146412544696E-001
   1.278928934505384E-001
   0.000000000000000E+000
   0.000000000000000E+000
   0.000000000000000E+000
   0.000000000000000E+000
   0.000000000000000E+000
   0.000000000000000E+000
   0.000000000000000E+000
   0.000000000000000E+000
   0.000000000000000E+000
   7.792246616488540E-001
   0.000000000000000E+000
   0.000000000000000E+000
   0.000000000000000E+000
   0.000000000000000E+000
   0.000000000000000E+000
   0.000000000000000E+000
   0.000000000000000E+000
   0.000000000000000E+000
   7.057608590931554E-001
   0.000000000000000E+000
   0.000000000000000E+000
   0.000000000000000E+000
  -3.711146412544696E-001
   6.370367202403529E-002
   0.000000000000000E+000
   0.000000000000000E+000
   0.000000000000000E+000
   0.000000000000000E+000
   0.000000000000000E+000
   0.000000000000000E+000
   0.000000000000000E+000
   0.000000000000000E+000
   0.000000000000000E+000
  -2.723041303402904E-001
   0.000000000000000E+000
   0.000000000000000E+000
   0.000000000000000E+000
   0.000000000000000E+000
   0.000000000000000E+000
   0.000000000000000E+000
   0.000000000000000E+000
   0.000000000000000E+000
   0.000000000000000E+000
   7.057608590931554E-001
   0.000000000000000E+000
   0.000000000000000E+000
  -3.711146412544696E-001
  -1.216094692987220E-002
   0.000000000000000E+000
   0.000000000000000E+000
   0.000000000000000E+000
   0.000000000000000E+000
   0.000000000000000E+000
   0.000000000000000E+000
   6.228719514162824E-001
   0.000000000000000E+000
   0.000000000000000E+000
   0.000000000000000E+000
        1.444151341273581
   0.000000000000000E+000
   0.000000000000000E+000
   0.000000000000000E+000
   0.000000000000000E+000
   0.000000000000000E+000
   0.000000000000000E+000
   0.000000000000000E+000
   0.000000000000000E+000
   0.000000000000000E+000
   0.000000000000000E+000
   0.000000000000000E+000
  -4.098126295473490E-001
   1.386322249884069E-001
   0.000000000000000E+000
   0.000000000000000E+000
   0.000000000000000E+000
   0.000000000000000E+000
   0.000000000000000E+000
   0.000000000000000E+000
   0.000000000000000E+000
   0.000000000000000E+000
   0.000000000000000E+000
   0.000000000000000E+000
   5.056305601690859E-001
   0.000000000000000E+000
   0.000000000000000E+000
   0.000000000000000E+000
   0.000000000000000E+000
   0.000000000000000E+000
   0.000000000000000E+000
   0.000000000000000E+000
   0.000000000000000E+000
   0.000000000000000E+000
   6.228719514162824E-001
   0.000000000000000E+000
  -4.098126295473490E-001
   5.390986400798409E-002
   0.000000000000000E+000
   0.000000000000000E+000
   0.000000000000000E+000
   0.000000000000000E+000
   0.000000000000000E+000
   0.000000000000000E+000
   0.000000000000000E+000
   0.000000000000000E+000
   0.000000000000000E+000
   0.000000000000000E+000
  -3.780971096923146E-001
   0.000000000000000E+000
   0.000000000000000E+000
   0.000000000000000E+000
   0.000000000000000E+000
   0.000000000000000E+000
   0.000000000000000E+000
   0.000000000000000E+000
   0.000000000000000E+000
   0.000000000000000E+000
   0.000000000000000E+000
   6.228719514162824E-001
  -4.098126295473490E-001
  -2.586620079718002E-002
   0.000000000000000E+000
   0.000000000000000E+000
   0.000000000000000E+000
   0.000000000000000E+000
   0.000000000000000E+000
   0.000000000000000E+000
   0.000000000000000E+000
   0.000000000000000E+000
   0.000000000000000E+000
   5.944558157325327E-001
   0.000000000000000E+000
   0.000000000000000E+000
   0.000000000000000E+000
   0.000000000000000E+000
   0.000000000000000E+000
   0.000000000000000E+000
   0.000000000000000E+000
   0.000000000000000E+000
   0.000000000000000E+000
   0.000000000000000E+000
   0.000000000000000E+000
   0.000000000000000E+000
   0.000000000000000E+000
   6.142826204662750E-002
   0.000000000000000E+000
   0.000000000000000E+000
   0.000000000000000E+000
   0.000000000000000E+000
   0.000000000000000E+000
   0.000000000000000E+000
   0.000000000000000E+000
   0.000000000000000E+000
   0.000000000000000E+000
   0.000000000000000E+000
   4.086421840207820E-001
   0.000000000000000E+000
   0.000000000000000E+000
   0.000000000000000E+000
   0.000000000000000E+000
   0.000000000000000E+000
   0.000000000000000E+000
   0.000000000000000E+000
   0.000000000000000E+000
   0.000000000000000E+000
   0.000000000000000E+000
   0.000000000000000E+000
   0.000000000000000E+000
   5.736238131363258E-002
   0.000000000000000E+000
   0.000000000000000E+000
   0.000000000000000E+000
   0.000000000000000E+000
   0.000000000000000E+000
   0.000000000000000E+000
   0.000000000000000E+000
   0.000000000000000E+000
   0.000000000000000E+000
   5.250013946837081E-001
   3.268186440647853E-001
   0.000000000000000E+000
   0.000000000000000E+000
   0.000000000000000E+000
   0.000000000000000E+000
   0.000000000000000E+000
   0.000000000000000E+000
   0.000000000000000E+000
   0.000000000000000E+000
   0.000000000000000E+000
   0.000000000000000E+000
   0.000000000000000E+000
   0.000000000000000E+000
   6.737990806167313E-002
   1.072283652445023E-002
   0.000000000000000E+000
   4.461057017778496E-002
   0.000000000000000E+000
   0.000000000000000E+000
   6.441741687453950E-002
   0.000000000000000E+000
   0.000000000000000E+000
   0.000000000000000E+000
   4.135321970785637E-002
   0.000000000000000E+000
   0.000000000000000E+000
   0.000000000000000E+000
   0.000000000000000E+000
   6.035198585709817E-002
   0.000000000000000E+000
   0.000000000000000E+000
   0.000000000000000E+000
   0.000000000000000E+000
   0.000000000000000E+000
   6.480623876735166E-002
   0.000000000000000E+000
   0.000000000000000E+000
   0.000000000000000E+000
   0.000000000000000E+000
   0.000000000000000E+000
   0.000000000000000E+000
   5.434297674554521E-002
   0.000000000000000E+000
   0.000000000000000E+000
   0.000000000000000E+000
   0.000000000000000E+000
   0.000000000000000E+000
   0.000000000000000E+000
   0.000000000000000E+000
   4.999042672506062E-002
   0.000000000000000E+000
   0.000000000000000E+000
   0.000000000000000E+000
   0.000000000000000E+000
   0.000000000000000E+000
   0.000000000000000E+000
   0.000000000000000E+000
   0.000000000000000E+000
   4.602378749553034E-002
   0.000000000000000E+000
   0.000000000000000E+000
   0.000000000000000E+000
   9.976384711858510E-002
   6.617010803920713E-002
  -4.254988493342571E-002
   0.000000000000000E+000
   0.000000000000000E+000
   0.000000000000000E+000
        1.043474779594747
   0.000000000000000E+000
   0.000000000000000E+000
   0.000000000000000E+000
   0.000000000000000E+000
   0.000000000000000E+000
   0.000000000000000E+000
   1.290704452527844E-001
   4.385634183347611E-002
  -4.079788144783951E-002
   1.568205132097579E-001
   7.586468242555824E-001
   2.069242066358965E-003
   4.600173564280784E-003
   1.321553445417360E-003
   3.044469348566324E-003
   4.001486885457660E-003
  -2.573107579603033E-003
   5.747099738105137E-003
   3.318394399055377E-003
  -3.086975694504824E-003
   4.746956766352275E-002
   4.778120795787683E-002
   9.737725266495245E-003
   0.000000000000000E+000
   0.000000000000000E+000
   0.000000000000000E+000
   0.000000000000000E+000
   0.000000000000000E+000
   0.000000000000000E+000
   0.000000000000000E+000
   0.000000000000000E+000
   0.000000000000000E+000
   9.228144765555061E-003
   0.000000000000000E+000
   0.000000000000000E+000
   1.416429714070084E-002
   0.000000000000000E+000
   0.000000000000000E+000
   0.000000000000000E+000
   0.000000000000000E+000
   0.000000000000000E+000
   0.000000000000000E+000
   0.000000000000000E+000
   0.000000000000000E+000
   0.000000000000000E+000
  -7.418073862016778E-003
   0.000000000000000E+000
   0.000000000000000E+000
   0.000000000000000E+000
   1.973536165874187E-002
   0.000000000000000E+000
   0.000000000000000E+000
   0.000000000000000E+000
   0.000000000000000E+000
   0.000000000000000E+000
   0.000000000000000E+000
   0.000000000000000E+000
   0.000000000000000E+000
   0.000000000000000E+000
   0.000000000000000E+000
   7.351484463073907E-003
   0.000000000000000E+000
   0.000000000000000E+000
   0.000000000000000E+000
   1.214897716677212E-002
   0.000000000000000E+000
   0.000000000000000E+000
   0.000000000000000E+000
   0.000000000000000E+000
   0.000000000000000E+000
   0.000000000000000E+000
   0.000000000000000E+000
   0.000000000000000E+000
   0.000000000000000E+000
   0.000000000000000E+000
  -3.469293682497002E-003
   0.000000000000000E+000
   0.000000000000000E+000
   0.000000000000000E+000
   0.000000000000000E+000
   1.247206382658224E-002
  -1.622822254947291E-003
  -7.135122858272249E-003
  -9.431546498537155E-003
  -2.511726564230367E-003
   0.000000000000000E+000
   0.000000000000000E+000
  -3.741252667138604E-003
   0.000000000000000E+000
   0.000000000000000E+000
  -5.065254530279122E-003
  -8.989511433400441E-003
   0.000000000000000E+000
  -7.448100846435677E-003
  -1.037756850305080E-002
  -7.993303066071301E-003
  -8.205874836765735E-003
   4.200324669124404E-002
   1.401197575212893E-003
   3.086690105417986E-003
   7.398539668789560E-004
   1.118044757282276E-003
   0.000000000000000E+000
   0.000000000000000E+000
   1.750207162853627E-003
   0.000000000000000E+000
   0.000000000000000E+000
   9.838429691814069E-003
   1.060072409652917E-002
   0.000000000000000E+000
   1.292927248319716E-003
  -1.134152551307307E-003
   1.285457711453390E-003
  -6.760391447743230E-004
  -7.451632726379795E-003
   6.728117985208931E-003
   0.000000000000000E+000
   0.000000000000000E+000
   0.000000000000000E+000
   0.000000000000000E+000
   0.000000000000000E+000
   0.000000000000000E+000
   0.000000000000000E+000
   0.000000000000000E+000
   0.000000000000000E+000
   5.192550224216443E-002
   0.000000000000000E+000
   0.000000000000000E+000
   0.000000000000000E+000
   0.000000000000000E+000
   0.000000000000000E+000
   0.000000000000000E+000
   0.000000000000000E+000
   0.000000000000000E+000
   4.703006574987992E-002
   0.000000000000000E+000
   0.000000000000000E+000
   0.000000000000000E+000
   0.000000000000000E+000
   0.000000000000000E+000
   0.000000000000000E+000
   0.000000000000000E+000
   0.000000000000000E+000
   0.000000000000000E+000
  -2.258150659563831E-002
   0.000000000000000E+000
   0.000000000000000E+000
   0.000000000000000E+000
   0.000000000000000E+000
   0.000000000000000E+000
   0.000000000000000E+000
   0.000000000000000E+000
   0.000000000000000E+000
   0.000000000000000E+000
   5.852699874452610E-002
   0.000000000000000E+000
   0.000000000000000E+000
   0.000000000000000E+000
   0.000000000000000E+000
   0.000000000000000E+000
   0.000000000000000E+000
   0.000000000000000E+000
   0.000000000000000E+000
   0.000000000000000E+000
   0.000000000000000E+000
   3.339889302106005E-002
   0.000000000000000E+000
   0.000000000000000E+000
   0.000000000000000E+000
   0.000000000000000E+000
   0.000000000000000E+000
   0.000000000000000E+000
   0.000000000000000E+000
   0.000000000000000E+000
   0.000000000000000E+000
   4.114314938601536E-002
   0.000000000000000E+000
   0.000000000000000E+000
   0.000000000000000E+000
   0.000000000000000E+000
   0.000000000000000E+000
   0.000000000000000E+000
   0.000000000000000E+000
   0.000000000000000E+000
   0.000000000000000E+000
   0.000000000000000E+000
  -2.794221312661282E-002
   0.000000000000000E+000
   0.000000000000000E+000
   0.000000000000000E+000
   0.000000000000000E+000
   0.000000000000000E+000
   0.000000000000000E+000
   0.000000000000000E+000
   0.000000000000000E+000
   0.000000000000000E+000
   0.000000000000000E+000
   4.603161561120170E-002
  -4.568400273635759E-003
  -1.745412037389817E-002
  -2.444676390896934E-002
  -9.249740580566200E-003
   0.000000000000000E+000
   0.000000000000000E+000
  -1.229737336718539E-002
   0.000000000000000E+000
   0.000000000000000E+000
  -3.730316569122873E-002
  -3.210207897953786E-002
   0.000000000000000E+000
   0.000000000000000E+000
   0.000000000000000E+000
   0.000000000000000E+000
   0.000000000000000E+000
   0.000000000000000E+000
   0.000000000000000E+000
  -2.473011325871369E-002
  -3.077561735385028E-002
  -2.706974073788995E-002
  -3.028606022962787E-002
   1.263476968398758E-001
   2.474336559094629E-003
   4.894044212198204E-003
   1.605063629304469E-003
   3.187629791475459E-003
   0.000000000000000E+000
   0.000000000000000E+000
   4.159979728514241E-003
   0.000000000000000E+000
   0.000000000000000E+000
   3.997960450739566E-002
   2.942308107091076E-002
   0.000000000000000E+000
   0.000000000000000E+000
   0.000000000000000E+000
   0.000000000000000E+000
   0.000000000000000E+000
   0.000000000000000E+000
   0.000000000000000E+000
   4.245046810400854E-003
  -1.008477186750497E-003
   3.560959171812021E-003
  -1.911569480228846E-003
  -1.617374023047174E-002
   9.355818647424840E-003
      380.601637188469681
      171.491667824753108
      114.511313710284725
       58.285488541439491
       44.279034306858421
       35.886443988185313
       -6.957617443800217
   2.541005834481425E-001
       10.214486038111190
       32.056855897185230
  -6.941853399149531E-001
        6.724203032453530
        9.134305284839380
       13.210645624844345
       18.685157351421577
       14.469486445724161
       12.012035204246081
       11.015778516187472
        5.269054004923373
        6.375911258940198
       14.786465757075003
      -18.400751396954160
       -2.350685785680287
       10.510476956001281
        9.189491745705299
        5.492467473851820
        6.762842328431871
       34.612741114571946
        4.525031650672012
       10.667189853807612
       14.290853797538370
        8.726892763281585
        6.312318118759158
        6.589032503873685
       15.270390280918443
       21.415124568407759
       25.307129590540512
       20.719913380820465
       15.492484033208479
        5.336326542022743
        6.162839661558667
        7.161553815079031
        4.397929051491242
        8.200455019990059
       21.286930330356601
       48.055544326595296
       25.761603920147866
        6.835461323809743
       -5.824840967196093
       -3.483384427842887
        1.316154958615166
       -3.689118185723515
  -4.986345303043897E-001
        2.701813926953601
        9.731470391925729
       63.782484073999505
       34.171738750112411
        8.656133427943640
       -3.701028468570205
  -7.690837055981645E-001
   7.218237935561582E-001
      -11.615355376872920
       -3.397443389706040
        4.945910014370611
       10.134927645935267
       16.924202020809290
     -671.354194234470810
     -357.444499718557609
     -106.738074620596521
       28.721040277331515
       16.216857526334241
      -14.647154285083079
       58.611400283676495
        9.792582777721172
      -43.919315557387151
     -108.679255802601688
     -148.262973318735590
     1700.350160749409042
        7.980163773866499
       10.476992151391888
       12.753312753225034
       14.347042139679299
        7.839576757142248
        4.562414306458061
        8.952091939179139
        7.838759203007791
        6.506043009904395
       -2.259654153856471
  -6.755190632585923E-001
   4.318044860431662E-001
       85.432504647473962
       15.117603515846842
       14.189614366803530
       16.427296544302180
        8.204117906509543
        5.375660690101814
        5.430326901754960
       10.362608277056928
        8.697358302974374
        6.886579954382339
        1.057414725040181
   3.150681292706903E-001
      -19.709846978807978
       33.157299891095654
       72.403090196889011
       16.818568256766714
       17.481528933108955
       18.718426800647400
        6.690280797863063
        6.086235666538354
        7.162717152025812
       16.352498417848121
       11.550572503441899
        7.198983769106112
        1.307558668754272
       -1.592054792350214
      -16.726310101902325
       13.314194620039125
       30.445322901630224
       93.397661875313418
       25.628532932601136
       23.572958050235325
       21.868830950762408
        7.120480783294117
        6.537386588724151
        7.320540143194209
       11.176415316141465
       10.315095200769788
        8.697207274653431
        3.019054318152653
        2.744323720179886
      -47.314882163217717
        8.086994799461666
       16.403988629262436
       48.928074066000768
       77.362164574675717
       35.960854323943657
       31.749167438976617
       30.368565586012831
       14.849059906321390
       10.962827169463916
       10.299624615557772
       17.794271937864025
       15.687342987735644
       13.129008766162197
        2.279982445576583
        2.343278027838818
      -51.300378463091299
       40.543385089882413
       53.796646348899394
       42.188078228098469
       38.442889782495755
      116.373487239851144
     -308.016222711743183
     -160.875902472987548
      -32.059641199855491
       24.163880102322601
        9.429604316953800
       -4.414292494888751
       40.909307920782332
       10.640371043388805
      -17.541861081269779
      -49.082603065057079
      -67.972396923220458
      654.978319003014576
       22.994053699260366
       35.432831084533156
       20.704914995744367
       33.293544363325040
       84.392469428822551
      689.571191656642441
       10.697183724978927
       14.204830581243730
       13.033454688130790
       11.977178196294172
        7.784887164645218
        4.981609899117020
        7.506155723987972
        7.433068243072137
        6.254358370733402
       -1.427074475602570
   3.610866231266812E-001
      -10.898467697556555
        8.989066694179087
        7.446178381463021
        8.374316999008256
        8.613809218783146
       14.321360806996589
        1.486766787110433
       27.143144484596689
       23.256701963283881
       19.339974371464571
       16.923251938825963
        8.160844963476672
        5.474878795143948
        5.570216323331488
        7.223075750646246
        7.873298840951794
        7.256218951819188
        2.126126983561674
        2.437207252639817
      -38.336990401627766
        7.386408473236572
        8.246566856667149
        9.779076280083018
       10.551655979911862
       15.398765885616973
       -9.591354045642731
       13.040948215174780
       21.265851135860931
        9.856974235843616
       15.916283480048683
       16.590088530283669
        9.983651782963269
        6.873414228702084
        6.761032205599122
       16.038264745071928
       11.373423452535562
        7.090450877719160
  -2.324125961548003E-001
       -2.677475021456159
       -3.515425407876492
        9.311272152735286
        9.945032683468519
       13.044132521722377
       11.964529934135030
       18.257128018880106
        7.236358811360731
       15.345027180310417
       13.741824555394405
       33.175402684422444
       28.083730063733888
       23.756219632215107
       20.423324598994689
       10.891576816402035
        8.439703551041191
        6.613492638985480
        8.140432738142227
        9.153959146421304
        9.301523422629774
        1.379274448137255
        3.918575835312383
      -46.494429510191836
        9.986956202601498
        9.689339367966172
       10.947558290765116
       12.378527336063010
       18.742956387589533
      -12.534761467148549
       13.389891717761692
       15.686177969693562
       19.933315564568861
       31.724947338309729
       22.421921421741910
       24.204048197883811
       27.659349313014207
       18.726318243599110
       12.268543988623691
        9.938618616422000
       17.872045606619579
       15.624206143811822
       12.085831021459448
  -8.156573882861480E-001
  -6.841236894603977E-001
      -19.405787559081759
       15.044184300822213
       14.788327739233331
       17.958543415979442
       18.067200497409786
       27.771775549191645
        4.588913830216917
       21.415722348055969
       21.770565607972113
       26.774143392087346
       30.213227139100926
       67.363092438780697
     -564.675149562316165
     -299.112887503305728
      -69.460834848820156
       55.629244658045693
       23.102802965175783
      -10.557699086755974
       65.935542428397753
       16.409934662346728
      -33.588083262074804
      -98.238139471839020
     -127.038362715496191
     1247.365240767766409
       14.132947067150891
       -6.295513419546779
       -1.450476415989364
      -25.937734886115294
      -22.041027325273845
      573.918943046302957
       11.779147272231114
       -7.128222566142028
       22.961659328569709
        2.683948590563329
       67.716416345628261
     1502.265871301974585
