   4.103314172901564E-003
           3
          12
          16
   4.461784099040702E-001
   0.000000000000000E+000
   0.000000000000000E+000
   0.000000000000000E+000
   0.000000000000000E+000
   0.000000000000000E+000
   0.000000000000000E+000
   0.000000000000000E+000
   0.000000000000000E+000
   0.000000000000000E+000
   0.000000000000000E+000
   2.158147575917761E-001
   0.000000000000000E+000
   0.000000000000000E+000
   0.000000000000000E+000
   0.000000000000000E+000
   0.000000000000000E+000
   4.461784099040702E-001
   0.000000000000000E+000
   0.000000000000000E+000
   0.000000000000000E+000
   0.000000000000000E+000
   0.000000000000000E+000
   0.000000000000000E+000
   0.000000000000000E+000
   0.000000000000000E+000
   0.000000000000000E+000
   1.014039384757710E-001
   0.000000000000000E+000
   0.000000000000000E+000
   0.000000000000000E+000
   0.000000000000000E+000
   0.000000000000000E+000
   0.000000000000000E+000
   4.461784099040702E-001
   0.000000000000000E+000
   0.000000000000000E+000
   0.000000000000000E+000
   0.000000000000000E+000
   0.000000000000000E+000
   0.000000000000000E+000
   0.000000000000000E+000
   0.000000000000000E+000
   1.303717868256677E-002
   0.000000000000000E+000
   0.000000000000000E+000
   0.000000000000000E+000
   0.000000000000000E+000
   0.000000000000000E+000
   0.000000000000000E+000
   0.000000000000000E+000
   6.908624969278467E-001
   0.000000000000000E+000
   0.000000000000000E+000
   0.000000000000000E+000
   0.000000000000000E+000
   0.000000000000000E+000
        1.697961323236542
   0.000000000000000E+000
   1.100966725838301E-001
   0.000000000000000E+000
   0.000000000000000E+000
   0.000000000000000E+000
   0.000000000000000E+000
   0.000000000000000E+000
   0.000000000000000E+000
   0.000000000000000E+000
   0.000000000000000E+000
   6.908624969278467E-001
   0.000000000000000E+000
   0.000000000000000E+000
   0.000000000000000E+000
   0.000000000000000E+000
   6.772106916883565E-001
   0.000000000000000E+000
   4.391068440296587E-002
   0.000000000000000E+000
   0.000000000000000E+000
   0.000000000000000E+000
   0.000000000000000E+000
   0.000000000000000E+000
   0.000000000000000E+000
   0.000000000000000E+000
   0.000000000000000E+000
   0.000000000000000E+000
   6.908624969278467E-001
   0.000000000000000E+000
   0.000000000000000E+000
   0.000000000000000E+000
  -3.891881801740341E-001
   0.000000000000000E+000
  -2.523515881059214E-002
   0.000000000000000E+000
   0.000000000000000E+000
   0.000000000000000E+000
   0.000000000000000E+000
   0.000000000000000E+000
   0.000000000000000E+000
   0.000000000000000E+000
   0.000000000000000E+000
   0.000000000000000E+000
   0.000000000000000E+000
   6.044756798468665E-001
   0.000000000000000E+000
   0.000000000000000E+000
   0.000000000000000E+000
        1.428660130682685
   1.166571287928352E-001
   0.000000000000000E+000
   0.000000000000000E+000
   0.000000000000000E+000
   0.000000000000000E+000
   0.000000000000000E+000
   0.000000000000000E+000
   0.000000000000000E+000
   0.000000000000000E+000
   0.000000000000000E+000
   0.000000000000000E+000
   0.000000000000000E+000
   6.044756798468665E-001
   0.000000000000000E+000
   0.000000000000000E+000
   4.651860883026589E-001
   3.798473286283063E-002
   0.000000000000000E+000
   0.000000000000000E+000
   0.000000000000000E+000
   0.000000000000000E+000
   0.000000000000000E+000
   0.000000000000000E+000
   0.000000000000000E+000
   0.000000000000000E+000
   0.000000000000000E+000
   0.000000000000000E+000
   0.000000000000000E+000
   0.000000000000000E+000
   6.044756798468665E-001
   0.000000000000000E+000
  -4.756191738726377E-001
  -3.883664563123839E-002
   0.000000000000000E+000
   0.000000000000000E+000
   0.000000000000000E+000
   0.000000000000000E+000
   0.000000000000000E+000
   0.000000000000000E+000
   0.000000000000000E+000
   0.000000000000000E+000
   0.000000000000000E+000
   0.000000000000000E+000
   0.000000000000000E+000
   0.000000000000000E+000
   0.000000000000000E+000
   5.919132450236154E-001
   0.000000000000000E+000
   5.438800080131634E-002
   0.000000000000000E+000
   0.000000000000000E+000
   0.000000000000000E+000
   0.000000000000000E+000
   0.000000000000000E+000
   0.000000000000000E+000
   0.000000000000000E+000
   0.000000000000000E+000
   0.000000000000000E+000
   0.000000000000000E+000
   0.000000000000000E+000
   0.000000000000000E+000
   0.000000000000000E+000
   0.000000000000000E+000
   3.964785547097232E-001
   5.001291853663006E-002
   0.000000000000000E+000
   0.000000000000000E+000
   0.000000000000000E+000
   0.000000000000000E+000
   0.000000000000000E+000
   0.000000000000000E+000
   0.000000000000000E+000
   0.000000000000000E+000
   0.000000000000000E+000
   0.000000000000000E+000
   0.000000000000000E+000
   0.000000000000000E+000
   0.000000000000000E+000
   5.268844069024861E-001
   3.202976976154925E-001
   6.031733482533129E-002
   0.000000000000000E+000
   0.000000000000000E+000
   0.000000000000000E+000
   0.000000000000000E+000
   5.411360687314106E-001
   0.000000000000000E+000
   0.000000000000000E+000
   0.000000000000000E+000
   0.000000000000000E+000
   0.000000000000000E+000
   0.000000000000000E+000
   0.000000000000000E+000
   0.000000000000000E+000
   0.000000000000000E+000
   0.000000000000000E+000
   0.000000000000000E+000
  -5.411360687314106E-001
   4.092991227117950E-001
   0.000000000000000E+000
   0.000000000000000E+000
   0.000000000000000E+000
   5.411360687314106E-001
   0.000000000000000E+000
   0.000000000000000E+000
   0.000000000000000E+000
   0.000000000000000E+000
   0.000000000000000E+000
   0.000000000000000E+000
   0.000000000000000E+000
   0.000000000000000E+000
   0.000000000000000E+000
   0.000000000000000E+000
  -5.411360687314106E-001
   2.051907184353580E-001
   0.000000000000000E+000
   0.000000000000000E+000
   0.000000000000000E+000
   0.000000000000000E+000
   5.411360687314106E-001
   0.000000000000000E+000
   0.000000000000000E+000
   0.000000000000000E+000
   0.000000000000000E+000
   0.000000000000000E+000
   0.000000000000000E+000
   0.000000000000000E+000
   0.000000000000000E+000
   0.000000000000000E+000
  -5.411360687314106E-001
   4.754480284950417E-002
   0.000000000000000E+000
   0.000000000000000E+000
   0.000000000000000E+000
   0.000000000000000E+000
   0.000000000000000E+000
   7.767646242004095E-001
   0.000000000000000E+000
   0.000000000000000E+000
   0.000000000000000E+000
   0.000000000000000E+000
   0.000000000000000E+000
        1.304970748656700
   0.000000000000000E+000
   0.000000000000000E+000
  -4.052662961772423E-001
   1.666847593960065E-001
   0.000000000000000E+000
   0.000000000000000E+000
   0.000000000000000E+000
   0.000000000000000E+000
   0.000000000000000E+000
   0.000000000000000E+000
   7.767646242004095E-001
   0.000000000000000E+000
   0.000000000000000E+000
   0.000000000000000E+000
   0.000000000000000E+000
   4.341066082872327E-001
   0.000000000000000E+000
   0.000000000000000E+000
  -4.052662961772423E-001
   7.261294527832117E-002
   0.000000000000000E+000
   0.000000000000000E+000
   0.000000000000000E+000
   0.000000000000000E+000
   0.000000000000000E+000
   0.000000000000000E+000
   0.000000000000000E+000
   7.767646242004095E-001
   0.000000000000000E+000
   0.000000000000000E+000
   0.000000000000000E+000
  -4.757028085601079E-001
   0.000000000000000E+000
   0.000000000000000E+000
  -4.052662961772423E-001
  -2.566578544065407E-002
   0.000000000000000E+000
   0.000000000000000E+000
   0.000000000000000E+000
   0.000000000000000E+000
   0.000000000000000E+000
   0.000000000000000E+000
   0.000000000000000E+000
   0.000000000000000E+000
   6.997073613604580E-001
   0.000000000000000E+000
   0.000000000000000E+000
   0.000000000000000E+000
        1.225075201062298
   0.000000000000000E+000
  -4.597306403157159E-001
   1.958277538586352E-001
   0.000000000000000E+000
   0.000000000000000E+000
   0.000000000000000E+000
   0.000000000000000E+000
   0.000000000000000E+000
   0.000000000000000E+000
   0.000000000000000E+000
   0.000000000000000E+000
   0.000000000000000E+000
   6.997073613604580E-001
   0.000000000000000E+000
   0.000000000000000E+000
   3.280799594248311E-001
   0.000000000000000E+000
  -4.597306403157159E-001
   7.380657724864748E-002
   0.000000000000000E+000
   0.000000000000000E+000
   0.000000000000000E+000
   0.000000000000000E+000
   0.000000000000000E+000
   0.000000000000000E+000
   0.000000000000000E+000
   0.000000000000000E+000
   0.000000000000000E+000
   0.000000000000000E+000
   6.997073613604580E-001
   0.000000000000000E+000
  -5.478106264741812E-001
   0.000000000000000E+000
  -4.597306403157159E-001
  -4.534366448274047E-002
   0.000000000000000E+000
   0.000000000000000E+000
   0.000000000000000E+000
   0.000000000000000E+000
   0.000000000000000E+000
   0.000000000000000E+000
   0.000000000000000E+000
   0.000000000000000E+000
   0.000000000000000E+000
   0.000000000000000E+000
   0.000000000000000E+000
   6.124727058188941E-001
   0.000000000000000E+000
   0.000000000000000E+000
   0.000000000000000E+000
   9.826928747663793E-002
   0.000000000000000E+000
   0.000000000000000E+000
   0.000000000000000E+000
   0.000000000000000E+000
   0.000000000000000E+000
   0.000000000000000E+000
   0.000000000000000E+000
   0.000000000000000E+000
   0.000000000000000E+000
   0.000000000000000E+000
   0.000000000000000E+000
   0.000000000000000E+000
   4.476800621241910E-001
   0.000000000000000E+000
   0.000000000000000E+000
   9.732381458948897E-002
   0.000000000000000E+000
   0.000000000000000E+000
   0.000000000000000E+000
   0.000000000000000E+000
   0.000000000000000E+000
   0.000000000000000E+000
   0.000000000000000E+000
   0.000000000000000E+000
   0.000000000000000E+000
   0.000000000000000E+000
   0.000000000000000E+000
   5.203357999811613E-001
   3.352754531310314E-001
   0.000000000000000E+000
   0.000000000000000E+000
   1.018159212700756E-001
   0.000000000000000E+000
   0.000000000000000E+000
   4.389292703024927E-001
   0.000000000000000E+000
   0.000000000000000E+000
   0.000000000000000E+000
   0.000000000000000E+000
   0.000000000000000E+000
   0.000000000000000E+000
   0.000000000000000E+000
   0.000000000000000E+000
   0.000000000000000E+000
   0.000000000000000E+000
   0.000000000000000E+000
   0.000000000000000E+000
   0.000000000000000E+000
  -4.389292703024927E-001
   2.255811035441862E-001
   0.000000000000000E+000
   4.389292703024927E-001
   0.000000000000000E+000
   0.000000000000000E+000
   0.000000000000000E+000
   0.000000000000000E+000
   0.000000000000000E+000
   0.000000000000000E+000
   0.000000000000000E+000
   0.000000000000000E+000
   0.000000000000000E+000
   0.000000000000000E+000
   0.000000000000000E+000
   0.000000000000000E+000
  -4.389292703024927E-001
   1.166567302665733E-001
   0.000000000000000E+000
   0.000000000000000E+000
   4.389292703024927E-001
   0.000000000000000E+000
   0.000000000000000E+000
   0.000000000000000E+000
   0.000000000000000E+000
   0.000000000000000E+000
   0.000000000000000E+000
   0.000000000000000E+000
   0.000000000000000E+000
   0.000000000000000E+000
   0.000000000000000E+000
   0.000000000000000E+000
  -4.389292703024927E-001
   3.252750189972863E-002
   0.000000000000000E+000
   0.000000000000000E+000
   0.000000000000000E+000
   6.834747275714101E-001
   0.000000000000000E+000
   0.000000000000000E+000
   0.000000000000000E+000
   0.000000000000000E+000
   0.000000000000000E+000
        1.560537774146611
   0.000000000000000E+000
   0.000000000000000E+000
   0.000000000000000E+000
   0.000000000000000E+000
  -3.565935712620074E-001
   1.173885213707881E-001
   0.000000000000000E+000
   0.000000000000000E+000
   0.000000000000000E+000
   0.000000000000000E+000
   6.834747275714101E-001
   0.000000000000000E+000
   0.000000000000000E+000
   0.000000000000000E+000
   0.000000000000000E+000
   5.310871864128803E-001
   0.000000000000000E+000
   0.000000000000000E+000
   0.000000000000000E+000
   0.000000000000000E+000
  -3.565935712620074E-001
   5.330319721555121E-002
   0.000000000000000E+000
   0.000000000000000E+000
   0.000000000000000E+000
   0.000000000000000E+000
   0.000000000000000E+000
   6.834747275714101E-001
   0.000000000000000E+000
   0.000000000000000E+000
   0.000000000000000E+000
  -5.444007059945628E-001
   0.000000000000000E+000
   0.000000000000000E+000
   0.000000000000000E+000
   0.000000000000000E+000
  -3.565935712620074E-001
  -1.364803971724135E-002
   0.000000000000000E+000
   0.000000000000000E+000
   0.000000000000000E+000
   0.000000000000000E+000
   0.000000000000000E+000
   0.000000000000000E+000
   5.966546492160130E-001
   0.000000000000000E+000
   0.000000000000000E+000
   0.000000000000000E+000
        1.329997737693783
   0.000000000000000E+000
   0.000000000000000E+000
   0.000000000000000E+000
  -3.920216351562995E-001
   1.265183775561588E-001
   0.000000000000000E+000
   0.000000000000000E+000
   0.000000000000000E+000
   0.000000000000000E+000
   0.000000000000000E+000
   0.000000000000000E+000
   0.000000000000000E+000
   5.966546492160130E-001
   0.000000000000000E+000
   0.000000000000000E+000
   3.649119296953310E-001
   0.000000000000000E+000
   0.000000000000000E+000
   0.000000000000000E+000
  -3.920216351562995E-001
   5.086035839322474E-002
   0.000000000000000E+000
   0.000000000000000E+000
   0.000000000000000E+000
   0.000000000000000E+000
   0.000000000000000E+000
   0.000000000000000E+000
   0.000000000000000E+000
   0.000000000000000E+000
   5.966546492160130E-001
   0.000000000000000E+000
  -5.774671762043510E-001
   0.000000000000000E+000
   0.000000000000000E+000
   0.000000000000000E+000
  -3.920216351562995E-001
  -2.301756610011855E-002
   0.000000000000000E+000
   0.000000000000000E+000
   0.000000000000000E+000
   0.000000000000000E+000
   0.000000000000000E+000
   0.000000000000000E+000
   0.000000000000000E+000
   0.000000000000000E+000
   0.000000000000000E+000
   5.872592935648506E-001
   0.000000000000000E+000
   0.000000000000000E+000
   0.000000000000000E+000
   0.000000000000000E+000
   0.000000000000000E+000
   5.163547006234312E-002
   0.000000000000000E+000
   0.000000000000000E+000
   0.000000000000000E+000
   0.000000000000000E+000
   0.000000000000000E+000
   0.000000000000000E+000
   0.000000000000000E+000
   0.000000000000000E+000
   0.000000000000000E+000
   0.000000000000000E+000
   3.906893779903169E-001
   0.000000000000000E+000
   0.000000000000000E+000
   0.000000000000000E+000
   0.000000000000000E+000
   4.720352795437781E-002
   0.000000000000000E+000
   0.000000000000000E+000
   0.000000000000000E+000
   0.000000000000000E+000
   0.000000000000000E+000
   0.000000000000000E+000
   0.000000000000000E+000
   0.000000000000000E+000
   0.000000000000000E+000
   5.244998775437524E-001
   3.174026659367860E-001
   0.000000000000000E+000
   0.000000000000000E+000
   0.000000000000000E+000
   0.000000000000000E+000
   5.753396969568816E-002
   9.726608311061006E-003
   0.000000000000000E+000
   3.543490946274611E-002
   0.000000000000000E+000
   0.000000000000000E+000
   5.828186442699185E-002
   0.000000000000000E+000
   0.000000000000000E+000
   0.000000000000000E+000
   3.844814971502571E-002
   0.000000000000000E+000
   0.000000000000000E+000
   0.000000000000000E+000
   0.000000000000000E+000
   1.006675625041621E-001
   0.000000000000000E+000
   0.000000000000000E+000
   0.000000000000000E+000
   0.000000000000000E+000
   0.000000000000000E+000
   1.267438810732327E-001
   0.000000000000000E+000
   0.000000000000000E+000
   0.000000000000000E+000
   0.000000000000000E+000
   0.000000000000000E+000
   0.000000000000000E+000
   5.197959584375214E-002
   0.000000000000000E+000
   0.000000000000000E+000
   0.000000000000000E+000
   0.000000000000000E+000
   0.000000000000000E+000
   0.000000000000000E+000
   0.000000000000000E+000
   9.299362641635910E-002
   0.000000000000000E+000
   0.000000000000000E+000
   0.000000000000000E+000
   0.000000000000000E+000
   0.000000000000000E+000
   0.000000000000000E+000
   0.000000000000000E+000
   0.000000000000000E+000
   9.620357056928552E-002
   0.000000000000000E+000
   0.000000000000000E+000
   0.000000000000000E+000
   8.799495183342954E-002
   8.607705609406897E-002
  -8.281461620753938E-002
   0.000000000000000E+000
   0.000000000000000E+000
   0.000000000000000E+000
   9.135768691613348E-001
   0.000000000000000E+000
   0.000000000000000E+000
   0.000000000000000E+000
   0.000000000000000E+000
   0.000000000000000E+000
   0.000000000000000E+000
   1.178651763213749E-001
   6.289583391188636E-002
  -8.171962386952591E-002
   1.416024345291883E-001
   6.939375529431673E-001
   2.941031604114189E-003
   4.370546849371924E-003
   9.082517541172707E-004
   3.197362974576039E-003
   3.351190066436094E-003
  -2.387291783955029E-003
   6.622805901083470E-003
   3.083404965415482E-003
  -3.272778435406663E-003
   4.753233179224528E-002
   5.089830448561537E-002
   1.111233045373076E-002
  -7.906678589671861E-004
  -4.201662114262016E-003
  -8.307091247688910E-003
  -2.847730127288606E-003
  -6.838003204111412E-003
  -8.216243582707816E-003
  -3.590572877466171E-003
  -7.965530945229291E-003
  -7.708184883226946E-003
  -3.573974225877924E-003
  -3.986562702178591E-003
   0.000000000000000E+000
   3.529680057583121E-002
   5.980374987576536E-004
   1.593207545505467E-003
   7.298700612400800E-004
   1.171262489798221E-003
   1.225188369121057E-003
  -5.203401983117377E-004
   1.529447376352957E-003
   1.278810945974401E-003
  -7.602655086812287E-004
   1.101289550737097E-002
   1.052951440856457E-002
   0.000000000000000E+000
  -5.245548444936810E-003
   4.408708692815564E-003
  -2.855611102775543E-003
  -1.200279463653206E-002
  -1.889118267927293E-002
  -6.744144533846720E-003
  -1.817512569735856E-002
  -2.381160110850659E-002
  -8.014317173390453E-003
  -2.089489745230695E-002
  -2.203186456454050E-002
  -1.055491289339175E-002
  -9.320538188351320E-003
   0.000000000000000E+000
   0.000000000000000E+000
   0.000000000000000E+000
   9.264420913456027E-002
   1.467598420613871E-003
   3.190051042606534E-003
   1.399958995818833E-003
   2.220132998857286E-003
   2.716796901399872E-003
  -9.113503547186096E-004
   2.586485834113605E-003
   2.710875823448625E-003
  -1.293601815422716E-003
   2.577870416113282E-002
   1.861505414183543E-002
   0.000000000000000E+000
   0.000000000000000E+000
   0.000000000000000E+000
  -1.078850068501973E-002
   5.520370816138970E-003
      386.830507399033934
      159.136935574538597
      106.607446376056032
       44.651118849289098
       37.555900041377384
       31.883907583764572
       -9.355137348330771
  -8.385835386181437E-001
        9.314449089434088
       34.905236542816745
  -9.895632856152048E-001
        8.388173112236885
       10.959258165664618
       12.544544865418182
       14.903351411364746
       15.325836416291502
       14.487837931769770
       12.932990403282313
        5.403274642381398
        6.849020877242681
       11.107225038546433
      -17.773523748098309
       -2.520851655087593
        9.636727814204912
        8.825599801295320
        6.118933236993485
        6.796647280711773
       32.727075541096745
        3.868360509928174
       12.739046654063131
       14.526684498409919
        7.575567926612526
        8.037184538475174
        7.883028460260131
       13.199313487608864
       16.914933872837008
       23.045928971701645
       19.658626890855246
       16.027006854435303
        6.259779184174883
        7.454415156528307
        8.062105452428742
        5.129782512994389
        9.748809306961062
       15.997372928411510
       47.429238599492201
       23.900375045533011
        4.556036512014777
       -6.316979639495711
       -3.173420688686382
        1.722384830903800
       -3.768102672223136
  -7.130424810166116E-001
        1.583211453596841
        9.867925969161551
       64.619848662459347
       31.901083773539533
        6.195755825453586
       -3.975840567851146
       -1.217386826410690
        1.194048072913002
      -10.817117788243941
       -2.766675965213778
        4.066493088637329
       10.284509993203521
       17.101833327807732
     -628.907139221066132
     -305.742584598669453
      -70.655017418291635
       30.491481564206918
       14.498386638167684
      -19.152711247125836
       50.467563378012819
        7.648918760940748
      -34.714422552015648
     -100.477312984352025
     -138.457084327857103
     1444.151212375668820
   8.748196805205016E-001
       12.235842761053059
       23.168713120218104
       20.080031254623496
       14.565010894689079
       12.211719966175080
       20.427244402236990
       17.360065047470570
       14.381339434837075
       -3.789373785503769
       -5.756299816222223
       28.690127485030963
      121.199478329947866
     -374.036458935740313
     -190.247339243461710
      -33.265921713024269
       36.193725167429804
       15.105423405159110
       -8.187206348573312
       42.789754189704162
       12.939192732636720
      -14.126398179922351
      -64.747661939123446
      -87.172611961640129
      777.778146328075195
      136.778374785078512
     1120.996486117527184
      -18.438664986571837
        4.819468519039035
       21.537863126149354
       18.223717551710848
       14.804524543805597
       12.437315843725601
       18.561748009950591
       17.881566337229870
       15.699325255569601
       -6.882107546321340
       -8.591247409743360
       63.718080011530901
       28.014818089192126
       51.553521090863086
       72.685440707249285
     -662.285943898233199
     -332.021848714301768
      -63.362473428377044
       53.784494285636754
       26.739291909378778
       -9.188531651107880
       68.515668219928671
       17.938135091775393
      -17.006310292454856
     -114.364979219094323
     -149.284278853657497
     1362.678098275656339
       50.616797862521707
      862.274097405485463
      149.460806904141350
     2107.296058587809057
