   9.005345210368210E-003
           3
          18
          20
   4.663899862052936E-001
   0.000000000000000E+000
   0.000000000000000E+000
   0.000000000000000E+000
   0.000000000000000E+000
   0.000000000000000E+000
   0.000000000000000E+000
   0.000000000000000E+000
   0.000000000000000E+000
   0.000000000000000E+000
   0.000000000000000E+000
   0.000000000000000E+000
   0.000000000000000E+000
   0.000000000000000E+000
   0.000000000000000E+000
   1.892637991029394E-001
   0.000000000000000E+000
   0.000000000000000E+000
   0.000000000000000E+000
   0.000000000000000E+000
   0.000000000000000E+000
   4.663899862052936E-001
   0.000000000000000E+000
   0.000000000000000E+000
   0.000000000000000E+000
   0.000000000000000E+000
   0.000000000000000E+000
   0.000000000000000E+000
   0.000000000000000E+000
   0.000000000000000E+000
   0.000000000000000E+000
   0.000000000000000E+000
   0.000000000000000E+000
   0.000000000000000E+000
   0.000000000000000E+000
   1.455068346033647E-001
   0.000000000000000E+000
   0.000000000000000E+000
   0.000000000000000E+000
   0.000000000000000E+000
   0.000000000000000E+000
   0.000000000000000E+000
   4.663899862052936E-001
   0.000000000000000E+000
   0.000000000000000E+000
   0.000000000000000E+000
   0.000000000000000E+000
   0.000000000000000E+000
   0.000000000000000E+000
   0.000000000000000E+000
   0.000000000000000E+000
   0.000000000000000E+000
   0.000000000000000E+000
   0.000000000000000E+000
   0.000000000000000E+000
   7.670339012855619E-002
   0.000000000000000E+000
   0.000000000000000E+000
   0.000000000000000E+000
   0.000000000000000E+000
   0.000000000000000E+000
   0.000000000000000E+000
   0.000000000000000E+000
   6.365402541378800E-001
   0.000000000000000E+000
   0.000000000000000E+000
   0.000000000000000E+000
   0.000000000000000E+000
   0.000000000000000E+000
   0.000000000000000E+000
   0.000000000000000E+000
   0.000000000000000E+000
        1.396753587942406
   0.000000000000000E+000
   0.000000000000000E+000
   1.240203343482604E-001
   0.000000000000000E+000
   0.000000000000000E+000
   0.000000000000000E+000
   0.000000000000000E+000
   0.000000000000000E+000
   0.000000000000000E+000
   0.000000000000000E+000
   0.000000000000000E+000
   6.365402541378800E-001
   0.000000000000000E+000
   0.000000000000000E+000
   0.000000000000000E+000
   0.000000000000000E+000
   0.000000000000000E+000
   0.000000000000000E+000
   0.000000000000000E+000
   8.707750010956377E-001
   0.000000000000000E+000
   0.000000000000000E+000
   7.731772283261235E-002
   0.000000000000000E+000
   0.000000000000000E+000
   0.000000000000000E+000
   0.000000000000000E+000
   0.000000000000000E+000
   0.000000000000000E+000
   0.000000000000000E+000
   0.000000000000000E+000
   0.000000000000000E+000
   6.365402541378800E-001
   0.000000000000000E+000
   0.000000000000000E+000
   0.000000000000000E+000
   0.000000000000000E+000
   0.000000000000000E+000
   0.000000000000000E+000
   2.445317380219963E-001
   0.000000000000000E+000
   0.000000000000000E+000
   2.171242527676235E-002
   0.000000000000000E+000
   0.000000000000000E+000
   0.000000000000000E+000
   0.000000000000000E+000
   0.000000000000000E+000
   0.000000000000000E+000
   0.000000000000000E+000
   0.000000000000000E+000
   0.000000000000000E+000
   0.000000000000000E+000
   8.715521745939370E-001
   0.000000000000000E+000
   0.000000000000000E+000
   0.000000000000000E+000
   0.000000000000000E+000
   0.000000000000000E+000
   0.000000000000000E+000
        1.501817963938643
   0.000000000000000E+000
   6.191497778818106E-002
   0.000000000000000E+000
   0.000000000000000E+000
   0.000000000000000E+000
   0.000000000000000E+000
   0.000000000000000E+000
   0.000000000000000E+000
   0.000000000000000E+000
   0.000000000000000E+000
   0.000000000000000E+000
   0.000000000000000E+000
   0.000000000000000E+000
   8.715521745939370E-001
   0.000000000000000E+000
   0.000000000000000E+000
   0.000000000000000E+000
   0.000000000000000E+000
   0.000000000000000E+000
   4.525982867371918E-001
   0.000000000000000E+000
   1.865912749958749E-002
   0.000000000000000E+000
   0.000000000000000E+000
   0.000000000000000E+000
   0.000000000000000E+000
   0.000000000000000E+000
   0.000000000000000E+000
   0.000000000000000E+000
   0.000000000000000E+000
   0.000000000000000E+000
   0.000000000000000E+000
   0.000000000000000E+000
   0.000000000000000E+000
   8.715521745939370E-001
   0.000000000000000E+000
   0.000000000000000E+000
   0.000000000000000E+000
   0.000000000000000E+000
  -4.358699535582525E-001
   0.000000000000000E+000
  -1.796947375853687E-002
   0.000000000000000E+000
   0.000000000000000E+000
   0.000000000000000E+000
   0.000000000000000E+000
   0.000000000000000E+000
   0.000000000000000E+000
   0.000000000000000E+000
   0.000000000000000E+000
   0.000000000000000E+000
   0.000000000000000E+000
   0.000000000000000E+000
   0.000000000000000E+000
   0.000000000000000E+000
   7.224627693645349E-001
   0.000000000000000E+000
   0.000000000000000E+000
   0.000000000000000E+000
   0.000000000000000E+000
        2.505963803117353
   1.757528349560725E-001
   0.000000000000000E+000
   0.000000000000000E+000
   0.000000000000000E+000
   0.000000000000000E+000
   0.000000000000000E+000
   0.000000000000000E+000
   0.000000000000000E+000
   0.000000000000000E+000
   0.000000000000000E+000
   0.000000000000000E+000
   0.000000000000000E+000
   0.000000000000000E+000
   0.000000000000000E+000
   0.000000000000000E+000
   7.224627693645349E-001
   0.000000000000000E+000
   0.000000000000000E+000
   0.000000000000000E+000
        2.017118913384589
   1.414682714210986E-001
   0.000000000000000E+000
   0.000000000000000E+000
   0.000000000000000E+000
   0.000000000000000E+000
   0.000000000000000E+000
   0.000000000000000E+000
   0.000000000000000E+000
   0.000000000000000E+000
   0.000000000000000E+000
   0.000000000000000E+000
   0.000000000000000E+000
   0.000000000000000E+000
   0.000000000000000E+000
   0.000000000000000E+000
   0.000000000000000E+000
   7.224627693645349E-001
   0.000000000000000E+000
   0.000000000000000E+000
        1.070856139360674
   7.510324055304800E-002
   0.000000000000000E+000
   0.000000000000000E+000
   0.000000000000000E+000
   0.000000000000000E+000
   0.000000000000000E+000
   0.000000000000000E+000
   0.000000000000000E+000
   0.000000000000000E+000
   0.000000000000000E+000
   0.000000000000000E+000
   0.000000000000000E+000
   0.000000000000000E+000
   0.000000000000000E+000
   0.000000000000000E+000
   0.000000000000000E+000
   0.000000000000000E+000
   4.327149097323177E-001
   0.000000000000000E+000
   0.000000000000000E+000
   5.904787231945502E-002
   0.000000000000000E+000
   0.000000000000000E+000
   0.000000000000000E+000
   0.000000000000000E+000
   0.000000000000000E+000
   0.000000000000000E+000
   0.000000000000000E+000
   0.000000000000000E+000
   0.000000000000000E+000
   0.000000000000000E+000
   0.000000000000000E+000
   0.000000000000000E+000
   0.000000000000000E+000
   0.000000000000000E+000
   0.000000000000000E+000
   0.000000000000000E+000
   0.000000000000000E+000
        1.110719541042124
   0.000000000000000E+000
   5.890405732568162E-002
   0.000000000000000E+000
   0.000000000000000E+000
   0.000000000000000E+000
   0.000000000000000E+000
   0.000000000000000E+000
   0.000000000000000E+000
   0.000000000000000E+000
   0.000000000000000E+000
   0.000000000000000E+000
   0.000000000000000E+000
   0.000000000000000E+000
   0.000000000000000E+000
   0.000000000000000E+000
   0.000000000000000E+000
   0.000000000000000E+000
   0.000000000000000E+000
   2.398443423685713E-001
   9.684098302772144E-001
   0.000000000000000E+000
   6.122055084257223E-002
   0.000000000000000E+000
   0.000000000000000E+000
   0.000000000000000E+000
   0.000000000000000E+000
   0.000000000000000E+000
   0.000000000000000E+000
   0.000000000000000E+000
   0.000000000000000E+000
   0.000000000000000E+000
   0.000000000000000E+000
   0.000000000000000E+000
   0.000000000000000E+000
   0.000000000000000E+000
   0.000000000000000E+000
   0.000000000000000E+000
   0.000000000000000E+000
   0.000000000000000E+000
   0.000000000000000E+000
   6.326604044550889E-001
   6.286212149644790E-002
   0.000000000000000E+000
   0.000000000000000E+000
   0.000000000000000E+000
   0.000000000000000E+000
   0.000000000000000E+000
   0.000000000000000E+000
   0.000000000000000E+000
   0.000000000000000E+000
   0.000000000000000E+000
   0.000000000000000E+000
   0.000000000000000E+000
   0.000000000000000E+000
   0.000000000000000E+000
   0.000000000000000E+000
   0.000000000000000E+000
   0.000000000000000E+000
   3.382210846586019E-001
   0.000000000000000E+000
   5.516014909818096E-001
   6.871719986988666E-002
   0.000000000000000E+000
   0.000000000000000E+000
   0.000000000000000E+000
   0.000000000000000E+000
   0.000000000000000E+000
   0.000000000000000E+000
   0.000000000000000E+000
   0.000000000000000E+000
   0.000000000000000E+000
   0.000000000000000E+000
   0.000000000000000E+000
   0.000000000000000E+000
   0.000000000000000E+000
   0.000000000000000E+000
   0.000000000000000E+000
   0.000000000000000E+000
   0.000000000000000E+000
   8.681669142280408E-001
   3.506697255775940E-001
   6.038545516518848E-002
   0.000000000000000E+000
   0.000000000000000E+000
   0.000000000000000E+000
   0.000000000000000E+000
   5.688465811745533E-001
   0.000000000000000E+000
   0.000000000000000E+000
   0.000000000000000E+000
   0.000000000000000E+000
   0.000000000000000E+000
   0.000000000000000E+000
   0.000000000000000E+000
   0.000000000000000E+000
   0.000000000000000E+000
   0.000000000000000E+000
   0.000000000000000E+000
   0.000000000000000E+000
   0.000000000000000E+000
   0.000000000000000E+000
   0.000000000000000E+000
  -5.688465811745533E-001
   2.912637737783148E-001
   0.000000000000000E+000
   0.000000000000000E+000
   0.000000000000000E+000
   5.688465811745533E-001
   0.000000000000000E+000
   0.000000000000000E+000
   0.000000000000000E+000
   0.000000000000000E+000
   0.000000000000000E+000
   0.000000000000000E+000
   0.000000000000000E+000
   0.000000000000000E+000
   0.000000000000000E+000
   0.000000000000000E+000
   0.000000000000000E+000
   0.000000000000000E+000
   0.000000000000000E+000
   0.000000000000000E+000
  -5.688465811745533E-001
   2.118702657384769E-001
   0.000000000000000E+000
   0.000000000000000E+000
   0.000000000000000E+000
   0.000000000000000E+000
   5.688465811745533E-001
   0.000000000000000E+000
   0.000000000000000E+000
   0.000000000000000E+000
   0.000000000000000E+000
   0.000000000000000E+000
   0.000000000000000E+000
   0.000000000000000E+000
   0.000000000000000E+000
   0.000000000000000E+000
   0.000000000000000E+000
   0.000000000000000E+000
   0.000000000000000E+000
   0.000000000000000E+000
  -5.688465811745533E-001
   8.703192549820829E-002
   0.000000000000000E+000
   0.000000000000000E+000
   0.000000000000000E+000
   0.000000000000000E+000
   0.000000000000000E+000
   7.346078514402725E-001
   0.000000000000000E+000
   0.000000000000000E+000
   0.000000000000000E+000
   0.000000000000000E+000
   0.000000000000000E+000
   0.000000000000000E+000
   0.000000000000000E+000
   0.000000000000000E+000
        1.472130743683516
   0.000000000000000E+000
   0.000000000000000E+000
   0.000000000000000E+000
  -4.692817730379993E-001
   1.613514914757446E-001
   0.000000000000000E+000
   0.000000000000000E+000
   0.000000000000000E+000
   0.000000000000000E+000
   0.000000000000000E+000
   0.000000000000000E+000
   7.346078514402725E-001
   0.000000000000000E+000
   0.000000000000000E+000
   0.000000000000000E+000
   0.000000000000000E+000
   0.000000000000000E+000
   0.000000000000000E+000
   0.000000000000000E+000
        1.002340358714201
   0.000000000000000E+000
   0.000000000000000E+000
   0.000000000000000E+000
  -4.692817730379993E-001
   8.956706353360454E-002
   0.000000000000000E+000
   0.000000000000000E+000
   0.000000000000000E+000
   0.000000000000000E+000
   0.000000000000000E+000
   0.000000000000000E+000
   0.000000000000000E+000
   7.346078514402725E-001
   0.000000000000000E+000
   0.000000000000000E+000
   0.000000000000000E+000
   0.000000000000000E+000
   0.000000000000000E+000
   0.000000000000000E+000
   4.429961743671764E-001
   0.000000000000000E+000
   0.000000000000000E+000
   0.000000000000000E+000
  -4.692817730379993E-001
   4.098727908266755E-003
   0.000000000000000E+000
   0.000000000000000E+000
   0.000000000000000E+000
   0.000000000000000E+000
   0.000000000000000E+000
   0.000000000000000E+000
   0.000000000000000E+000
   0.000000000000000E+000
   9.190559120949002E-001
   0.000000000000000E+000
   0.000000000000000E+000
   0.000000000000000E+000
   0.000000000000000E+000
   0.000000000000000E+000
   0.000000000000000E+000
        1.463104262848489
   0.000000000000000E+000
   0.000000000000000E+000
  -2.725997029859404E-001
   6.686274927693520E-002
   0.000000000000000E+000
   0.000000000000000E+000
   0.000000000000000E+000
   0.000000000000000E+000
   0.000000000000000E+000
   0.000000000000000E+000
   0.000000000000000E+000
   0.000000000000000E+000
   0.000000000000000E+000
   9.190559120949002E-001
   0.000000000000000E+000
   0.000000000000000E+000
   0.000000000000000E+000
   0.000000000000000E+000
   0.000000000000000E+000
   7.481816464440805E-001
   0.000000000000000E+000
   0.000000000000000E+000
  -2.725997029859404E-001
   1.614143710274440E-002
   0.000000000000000E+000
   0.000000000000000E+000
   0.000000000000000E+000
   0.000000000000000E+000
   0.000000000000000E+000
   0.000000000000000E+000
   0.000000000000000E+000
   0.000000000000000E+000
   0.000000000000000E+000
   0.000000000000000E+000
   9.190559120949002E-001
   0.000000000000000E+000
   0.000000000000000E+000
   0.000000000000000E+000
   0.000000000000000E+000
   1.427926580880380E-001
   0.000000000000000E+000
   0.000000000000000E+000
  -2.725997029859404E-001
  -2.680883913785912E-002
   0.000000000000000E+000
   0.000000000000000E+000
   0.000000000000000E+000
   0.000000000000000E+000
   0.000000000000000E+000
   0.000000000000000E+000
   0.000000000000000E+000
   0.000000000000000E+000
   0.000000000000000E+000
   0.000000000000000E+000
   0.000000000000000E+000
   8.078675077066348E-001
   0.000000000000000E+000
   0.000000000000000E+000
   0.000000000000000E+000
   0.000000000000000E+000
        2.334786305654716
   0.000000000000000E+000
  -4.076361632076325E-001
   2.265533434956284E-001
   0.000000000000000E+000
   0.000000000000000E+000
   0.000000000000000E+000
   0.000000000000000E+000
   0.000000000000000E+000
   0.000000000000000E+000
   0.000000000000000E+000
   0.000000000000000E+000
   0.000000000000000E+000
   0.000000000000000E+000
   0.000000000000000E+000
   0.000000000000000E+000
   8.078675077066348E-001
   0.000000000000000E+000
   0.000000000000000E+000
   0.000000000000000E+000
        1.937602007699653
   0.000000000000000E+000
  -4.076361632076325E-001
   1.786161467317107E-001
   0.000000000000000E+000
   0.000000000000000E+000
   0.000000000000000E+000
   0.000000000000000E+000
   0.000000000000000E+000
   0.000000000000000E+000
   0.000000000000000E+000
   0.000000000000000E+000
   0.000000000000000E+000
   0.000000000000000E+000
   0.000000000000000E+000
   0.000000000000000E+000
   0.000000000000000E+000
   8.078675077066348E-001
   0.000000000000000E+000
   0.000000000000000E+000
        1.168767713886825
   0.000000000000000E+000
  -4.076361632076325E-001
   8.582355394516716E-002
   0.000000000000000E+000
   0.000000000000000E+000
   0.000000000000000E+000
   0.000000000000000E+000
   0.000000000000000E+000
   0.000000000000000E+000
   0.000000000000000E+000
   0.000000000000000E+000
   0.000000000000000E+000
   0.000000000000000E+000
   0.000000000000000E+000
   0.000000000000000E+000
   0.000000000000000E+000
   0.000000000000000E+000
   4.713937876346745E-001
   0.000000000000000E+000
   0.000000000000000E+000
   0.000000000000000E+000
   0.000000000000000E+000
   1.152200205172768E-001
   0.000000000000000E+000
   0.000000000000000E+000
   0.000000000000000E+000
   0.000000000000000E+000
   0.000000000000000E+000
   0.000000000000000E+000
   0.000000000000000E+000
   0.000000000000000E+000
   0.000000000000000E+000
   0.000000000000000E+000
   0.000000000000000E+000
   0.000000000000000E+000
   0.000000000000000E+000
   0.000000000000000E+000
   0.000000000000000E+000
   9.230876847289646E-001
   0.000000000000000E+000
   0.000000000000000E+000
   0.000000000000000E+000
   9.057876602291369E-002
   0.000000000000000E+000
   0.000000000000000E+000
   0.000000000000000E+000
   0.000000000000000E+000
   0.000000000000000E+000
   0.000000000000000E+000
   0.000000000000000E+000
   0.000000000000000E+000
   0.000000000000000E+000
   0.000000000000000E+000
   0.000000000000000E+000
   0.000000000000000E+000
   0.000000000000000E+000
   0.000000000000000E+000
   2.258988816163745E-001
   7.615203109152981E-001
   0.000000000000000E+000
   0.000000000000000E+000
   0.000000000000000E+000
   8.854482799434812E-002
   0.000000000000000E+000
   0.000000000000000E+000
   0.000000000000000E+000
   0.000000000000000E+000
   0.000000000000000E+000
   0.000000000000000E+000
   0.000000000000000E+000
   0.000000000000000E+000
   0.000000000000000E+000
   0.000000000000000E+000
   0.000000000000000E+000
   0.000000000000000E+000
   0.000000000000000E+000
   0.000000000000000E+000
   0.000000000000000E+000
   0.000000000000000E+000
   6.269567482127520E-001
   0.000000000000000E+000
   0.000000000000000E+000
   1.131860315347097E-001
   0.000000000000000E+000
   0.000000000000000E+000
   0.000000000000000E+000
   0.000000000000000E+000
   0.000000000000000E+000
   0.000000000000000E+000
   0.000000000000000E+000
   0.000000000000000E+000
   0.000000000000000E+000
   0.000000000000000E+000
   0.000000000000000E+000
   0.000000000000000E+000
   0.000000000000000E+000
   0.000000000000000E+000
   3.378013708978377E-001
   0.000000000000000E+000
   5.172209593172119E-001
   0.000000000000000E+000
   0.000000000000000E+000
   1.140411090119086E-001
   0.000000000000000E+000
   0.000000000000000E+000
   0.000000000000000E+000
   0.000000000000000E+000
   0.000000000000000E+000
   0.000000000000000E+000
   0.000000000000000E+000
   0.000000000000000E+000
   0.000000000000000E+000
   0.000000000000000E+000
   0.000000000000000E+000
   0.000000000000000E+000
   0.000000000000000E+000
   0.000000000000000E+000
   0.000000000000000E+000
   6.614857758838623E-001
   3.004469553019661E-001
   0.000000000000000E+000
   0.000000000000000E+000
   8.319186878842917E-002
   0.000000000000000E+000
   0.000000000000000E+000
   4.643357139466176E-001
   0.000000000000000E+000
   0.000000000000000E+000
   0.000000000000000E+000
   0.000000000000000E+000
   0.000000000000000E+000
   0.000000000000000E+000
   0.000000000000000E+000
   0.000000000000000E+000
   0.000000000000000E+000
   0.000000000000000E+000
   0.000000000000000E+000
   0.000000000000000E+000
   0.000000000000000E+000
   0.000000000000000E+000
   0.000000000000000E+000
   0.000000000000000E+000
   0.000000000000000E+000
  -4.643357139466176E-001
   1.955375879149485E-001
   0.000000000000000E+000
   4.643357139466176E-001
   0.000000000000000E+000
   0.000000000000000E+000
   0.000000000000000E+000
   0.000000000000000E+000
   0.000000000000000E+000
   0.000000000000000E+000
   0.000000000000000E+000
   0.000000000000000E+000
   0.000000000000000E+000
   0.000000000000000E+000
   0.000000000000000E+000
   0.000000000000000E+000
   0.000000000000000E+000
   0.000000000000000E+000
   0.000000000000000E+000
   0.000000000000000E+000
  -4.643357139466176E-001
   1.523562792589143E-001
   0.000000000000000E+000
   0.000000000000000E+000
   4.643357139466176E-001
   0.000000000000000E+000
   0.000000000000000E+000
   0.000000000000000E+000
   0.000000000000000E+000
   0.000000000000000E+000
   0.000000000000000E+000
   0.000000000000000E+000
   0.000000000000000E+000
   0.000000000000000E+000
   0.000000000000000E+000
   0.000000000000000E+000
   0.000000000000000E+000
   0.000000000000000E+000
   0.000000000000000E+000
   0.000000000000000E+000
  -4.643357139466176E-001
   8.445799594691973E-002
   0.000000000000000E+000
   0.000000000000000E+000
   0.000000000000000E+000
   6.344055778358519E-001
   0.000000000000000E+000
   0.000000000000000E+000
   0.000000000000000E+000
   0.000000000000000E+000
   0.000000000000000E+000
   0.000000000000000E+000
   0.000000000000000E+000
   0.000000000000000E+000
        1.353717457766699
   0.000000000000000E+000
   0.000000000000000E+000
   0.000000000000000E+000
   0.000000000000000E+000
   0.000000000000000E+000
  -4.052706131690602E-001
   1.286035353026080E-001
   0.000000000000000E+000
   0.000000000000000E+000
   0.000000000000000E+000
   0.000000000000000E+000
   6.344055778358519E-001
   0.000000000000000E+000
   0.000000000000000E+000
   0.000000000000000E+000
   0.000000000000000E+000
   0.000000000000000E+000
   0.000000000000000E+000
   0.000000000000000E+000
   8.271117407753689E-001
   0.000000000000000E+000
   0.000000000000000E+000
   0.000000000000000E+000
   0.000000000000000E+000
   0.000000000000000E+000
  -4.052706131690602E-001
   8.236920995450588E-002
   0.000000000000000E+000
   0.000000000000000E+000
   0.000000000000000E+000
   0.000000000000000E+000
   0.000000000000000E+000
   6.344055778358519E-001
   0.000000000000000E+000
   0.000000000000000E+000
   0.000000000000000E+000
   0.000000000000000E+000
   0.000000000000000E+000
   0.000000000000000E+000
   2.001218008636895E-001
   0.000000000000000E+000
   0.000000000000000E+000
   0.000000000000000E+000
   0.000000000000000E+000
   0.000000000000000E+000
  -4.052706131690602E-001
   2.732146562411001E-002
   0.000000000000000E+000
   0.000000000000000E+000
   0.000000000000000E+000
   0.000000000000000E+000
   0.000000000000000E+000
   0.000000000000000E+000
   8.703673668711507E-001
   0.000000000000000E+000
   0.000000000000000E+000
   0.000000000000000E+000
   0.000000000000000E+000
   0.000000000000000E+000
   0.000000000000000E+000
        1.397219441504027
   0.000000000000000E+000
   0.000000000000000E+000
   0.000000000000000E+000
   0.000000000000000E+000
  -2.581582715211688E-001
   6.316889908294951E-002
   0.000000000000000E+000
   0.000000000000000E+000
   0.000000000000000E+000
   0.000000000000000E+000
   0.000000000000000E+000
   0.000000000000000E+000
   0.000000000000000E+000
   8.703673668711507E-001
   0.000000000000000E+000
   0.000000000000000E+000
   0.000000000000000E+000
   0.000000000000000E+000
   0.000000000000000E+000
   3.404306469502901E-001
   0.000000000000000E+000
   0.000000000000000E+000
   0.000000000000000E+000
   0.000000000000000E+000
  -2.581582715211688E-001
   2.008921803005270E-002
   0.000000000000000E+000
   0.000000000000000E+000
   0.000000000000000E+000
   0.000000000000000E+000
   0.000000000000000E+000
   0.000000000000000E+000
   0.000000000000000E+000
   0.000000000000000E+000
   8.703673668711507E-001
   0.000000000000000E+000
   0.000000000000000E+000
   0.000000000000000E+000
   0.000000000000000E+000
  -5.544470426918461E-001
   0.000000000000000E+000
   0.000000000000000E+000
   0.000000000000000E+000
   0.000000000000000E+000
  -2.581582715211688E-001
  -1.639020496327665E-002
   0.000000000000000E+000
   0.000000000000000E+000
   0.000000000000000E+000
   0.000000000000000E+000
   0.000000000000000E+000
   0.000000000000000E+000
   0.000000000000000E+000
   0.000000000000000E+000
   0.000000000000000E+000
   7.205136503434000E-001
   0.000000000000000E+000
   0.000000000000000E+000
   0.000000000000000E+000
   0.000000000000000E+000
        2.448420870616602
   0.000000000000000E+000
   0.000000000000000E+000
   0.000000000000000E+000
  -3.635588969266539E-001
   1.785406350171106E-001
   0.000000000000000E+000
   0.000000000000000E+000
   0.000000000000000E+000
   0.000000000000000E+000
   0.000000000000000E+000
   0.000000000000000E+000
   0.000000000000000E+000
   0.000000000000000E+000
   0.000000000000000E+000
   0.000000000000000E+000
   7.205136503434000E-001
   0.000000000000000E+000
   0.000000000000000E+000
   0.000000000000000E+000
        1.958026528186902
   0.000000000000000E+000
   0.000000000000000E+000
   0.000000000000000E+000
  -3.635588969266539E-001
   1.445328106087337E-001
   0.000000000000000E+000
   0.000000000000000E+000
   0.000000000000000E+000
   0.000000000000000E+000
   0.000000000000000E+000
   0.000000000000000E+000
   0.000000000000000E+000
   0.000000000000000E+000
   0.000000000000000E+000
   0.000000000000000E+000
   0.000000000000000E+000
   7.205136503434000E-001
   0.000000000000000E+000
   0.000000000000000E+000
        1.008764460444230
   0.000000000000000E+000
   0.000000000000000E+000
   0.000000000000000E+000
  -3.635588969266539E-001
   7.870346690672443E-002
   0.000000000000000E+000
   0.000000000000000E+000
   0.000000000000000E+000
   0.000000000000000E+000
   0.000000000000000E+000
   0.000000000000000E+000
   0.000000000000000E+000
   0.000000000000000E+000
   0.000000000000000E+000
   0.000000000000000E+000
   0.000000000000000E+000
   0.000000000000000E+000
   4.313226218438861E-001
   0.000000000000000E+000
   0.000000000000000E+000
   0.000000000000000E+000
   0.000000000000000E+000
   0.000000000000000E+000
   0.000000000000000E+000
   5.815546820829579E-002
   0.000000000000000E+000
   0.000000000000000E+000
   0.000000000000000E+000
   0.000000000000000E+000
   0.000000000000000E+000
   0.000000000000000E+000
   0.000000000000000E+000
   0.000000000000000E+000
   0.000000000000000E+000
   0.000000000000000E+000
   0.000000000000000E+000
   0.000000000000000E+000
   0.000000000000000E+000
        1.113804726555049
   0.000000000000000E+000
   0.000000000000000E+000
   0.000000000000000E+000
   0.000000000000000E+000
   0.000000000000000E+000
   5.832659035003581E-002
   0.000000000000000E+000
   0.000000000000000E+000
   0.000000000000000E+000
   0.000000000000000E+000
   0.000000000000000E+000
   0.000000000000000E+000
   0.000000000000000E+000
   0.000000000000000E+000
   0.000000000000000E+000
   0.000000000000000E+000
   0.000000000000000E+000
   0.000000000000000E+000
   2.398038728849483E-001
   9.721249322929668E-001
   0.000000000000000E+000
   0.000000000000000E+000
   0.000000000000000E+000
   0.000000000000000E+000
   0.000000000000000E+000
   6.068240953717446E-002
   0.000000000000000E+000
   0.000000000000000E+000
   0.000000000000000E+000
   0.000000000000000E+000
   0.000000000000000E+000
   0.000000000000000E+000
   0.000000000000000E+000
   0.000000000000000E+000
   0.000000000000000E+000
   0.000000000000000E+000
   0.000000000000000E+000
   0.000000000000000E+000
   0.000000000000000E+000
   0.000000000000000E+000
   6.318702343305408E-001
   0.000000000000000E+000
   0.000000000000000E+000
   0.000000000000000E+000
   0.000000000000000E+000
   6.201761082756010E-002
   0.000000000000000E+000
   0.000000000000000E+000
   0.000000000000000E+000
   0.000000000000000E+000
   0.000000000000000E+000
   0.000000000000000E+000
   0.000000000000000E+000
   0.000000000000000E+000
   0.000000000000000E+000
   0.000000000000000E+000
   0.000000000000000E+000
   0.000000000000000E+000
   3.377107810300876E-001
   0.000000000000000E+000
   5.514941660073474E-001
   0.000000000000000E+000
   0.000000000000000E+000
   0.000000000000000E+000
   0.000000000000000E+000
   6.789491388387645E-002
   0.000000000000000E+000
   0.000000000000000E+000
   0.000000000000000E+000
   0.000000000000000E+000
   0.000000000000000E+000
   0.000000000000000E+000
   0.000000000000000E+000
   0.000000000000000E+000
   0.000000000000000E+000
   0.000000000000000E+000
   0.000000000000000E+000
   0.000000000000000E+000
   0.000000000000000E+000
   8.720708005342017E-001
   3.513029961318067E-001
   0.000000000000000E+000
   0.000000000000000E+000
   0.000000000000000E+000
   0.000000000000000E+000
   5.991183670436406E-002
   2.562665655098991E-002
   0.000000000000000E+000
   3.817271785237385E-002
   0.000000000000000E+000
   0.000000000000000E+000
   6.011762330380886E-002
   0.000000000000000E+000
   0.000000000000000E+000
   0.000000000000000E+000
   5.003959769423671E-002
   0.000000000000000E+000
   0.000000000000000E+000
   0.000000000000000E+000
   0.000000000000000E+000
   8.824440001688710E-002
   0.000000000000000E+000
   0.000000000000000E+000
   0.000000000000000E+000
   0.000000000000000E+000
   0.000000000000000E+000
   1.141414521456525E-001
   0.000000000000000E+000
   0.000000000000000E+000
   0.000000000000000E+000
   0.000000000000000E+000
   0.000000000000000E+000
   0.000000000000000E+000
   7.067614439500750E-002
   0.000000000000000E+000
   0.000000000000000E+000
   0.000000000000000E+000
   0.000000000000000E+000
   0.000000000000000E+000
   0.000000000000000E+000
   0.000000000000000E+000
   2.149234003593481E-001
   0.000000000000000E+000
   0.000000000000000E+000
   0.000000000000000E+000
   0.000000000000000E+000
   0.000000000000000E+000
   0.000000000000000E+000
   0.000000000000000E+000
   0.000000000000000E+000
   1.858444248391445E-001
   0.000000000000000E+000
   0.000000000000000E+000
   0.000000000000000E+000
   0.000000000000000E+000
   0.000000000000000E+000
   0.000000000000000E+000
   0.000000000000000E+000
   0.000000000000000E+000
   0.000000000000000E+000
   1.325850967824226E-002
   0.000000000000000E+000
   0.000000000000000E+000
   0.000000000000000E+000
   0.000000000000000E+000
   0.000000000000000E+000
   0.000000000000000E+000
   0.000000000000000E+000
   0.000000000000000E+000
   0.000000000000000E+000
   0.000000000000000E+000
   4.089927227784061E-002
   0.000000000000000E+000
   0.000000000000000E+000
   0.000000000000000E+000
   0.000000000000000E+000
   0.000000000000000E+000
   0.000000000000000E+000
   0.000000000000000E+000
   0.000000000000000E+000
   0.000000000000000E+000
   0.000000000000000E+000
   0.000000000000000E+000
   1.193807164490144E-001
   0.000000000000000E+000
   0.000000000000000E+000
   0.000000000000000E+000
   1.072187886843510E-001
   1.185051180440007E-001
   4.405637318082165E-002
   0.000000000000000E+000
   0.000000000000000E+000
   0.000000000000000E+000
   0.000000000000000E+000
   0.000000000000000E+000
   0.000000000000000E+000
   6.094052405888986E-001
   0.000000000000000E+000
   0.000000000000000E+000
   0.000000000000000E+000
   0.000000000000000E+000
   0.000000000000000E+000
   0.000000000000000E+000
   1.168836689618209E-001
   1.067849778666525E-001
  -9.169903272412369E-002
   0.000000000000000E+000
   0.000000000000000E+000
   0.000000000000000E+000
   1.028526981480631E-001
        1.318307195149062
   0.000000000000000E+000
   0.000000000000000E+000
   0.000000000000000E+000
   0.000000000000000E+000
   0.000000000000000E+000
   0.000000000000000E+000
   0.000000000000000E+000
   0.000000000000000E+000
   0.000000000000000E+000
   4.434679334600922E-002
   1.108449372371550E-001
   1.737039884928064E-001
   5.251949134686348E-002
   7.291710014688060E-002
        1.019125063480379
   4.883343196893451E-003
   6.015139950276372E-003
   5.313863681814646E-003
   4.520340025077921E-003
   5.268342119037944E-003
   2.013087904829691E-003
   2.155432861057802E-003
   2.347902414422043E-003
  -2.010202090403458E-003
   1.544346010877852E-003
   4.689688121550570E-003
   7.661347603700225E-003
   3.694308501728941E-002
   3.937988821628037E-002
   5.422952327809676E-002
   1.456332607212589E-002
  -4.781293391091787E-003
  -3.325473446350462E-003
  -6.460534521797776E-003
  -4.722625583852025E-003
  -7.053514465469282E-003
  -8.875448205240275E-003
  -3.317951264867789E-003
  -6.076852626028049E-003
  -4.993192867765223E-003
  -1.147184416393727E-003
  -3.294936617953316E-003
  -5.490539292438929E-003
  -2.444043321606724E-002
  -1.100486857363403E-002
  -1.916139859668294E-002
   0.000000000000000E+000
   3.703938896278771E-002
   2.448142614754291E-003
   1.238592207638355E-003
   9.884435940859962E-004
   1.623763643542003E-003
   1.346232934158152E-003
   7.751855995107814E-005
   8.138209290249555E-004
   3.598284714592588E-004
  -4.910559436050719E-004
   6.375746035262793E-004
   1.443760234109221E-003
   1.155975935610684E-003
   1.050082739755430E-002
   8.689681502033659E-003
   1.228954712454610E-002
   0.000000000000000E+000
  -8.457945061130361E-003
   5.556455388741151E-003
  -8.811670625827675E-003
  -1.556704326578475E-002
  -2.134648549440392E-002
  -1.242248181596122E-002
  -2.161112337085918E-002
  -2.633885004987564E-002
  -8.645744134331987E-003
  -2.514262009503075E-002
  -2.121096260183960E-002
  -2.339587286606417E-003
  -5.257519827859524E-003
  -1.755964410485176E-002
  -6.299175775758774E-002
  -1.020139893389624E-002
  -4.682243359514239E-002
   0.000000000000000E+000
   0.000000000000000E+000
   0.000000000000000E+000
   1.132992269849260E-001
   3.710704923019198E-003
   5.107806097616196E-003
   3.882711002442115E-003
   3.941995858699332E-003
   4.392351925957328E-003
   1.775643145179330E-003
   2.115532210145886E-003
   1.956534547429520E-003
  -1.346662349666528E-003
   1.148951114550607E-003
   2.090126590149121E-003
   3.801323197927051E-003
   2.524936443566910E-002
   2.833239767317628E-002
   2.309387181538126E-002
   0.000000000000000E+000
   0.000000000000000E+000
   0.000000000000000E+000
  -2.352052475695583E-002
   9.690723636709321E-003
      362.895066933367616
      285.462306398078056
      246.662828763229669
      172.317368871775500
      147.399405541985516
      103.263019200109568
      -31.137975100913014
      -22.125042220458710
       -5.929388288100728
       41.002378067822107
      -16.504306968842712
       -8.605748474838062
        1.684745108431506
       26.287660371961156
       25.066038733163317
        4.051956622173979
        7.123847613805022
       12.630096723413937
       16.788527671302681
       15.804081289998834
       16.580237362588420
       12.274585153416425
       11.722073985790690
        9.036264700028623
        4.469543228527655
        4.180128962731413
        4.234811923400735
       18.848842092860913
        7.683029024390834
        7.125393614963325
        7.523577716481903
        4.429108326316944
        3.938780384121280
        4.543559455854455
        5.145814008011539
        6.631430205109470
        6.298875789660570
        5.758873199582844
        7.358081582223722
        5.773970835983018
        4.734225581488063
        5.508443647362453
        2.229687269396079
        3.451013792535360
        6.822708401186133
      -56.572199717748248
      -44.070350337900280
      -20.468248351301533
       15.571295593402443
       11.419613654212204
        6.947311660023543
        4.774884626479677
        3.360690309993875
        3.204381999678940
      112.252293157695661
      -33.104581518265775
      -24.463571236320746
       -8.198888243434361
       10.896495437999796
        9.400835155200038
        7.258208311054307
        4.466441828520093
        3.239281333020385
        2.614110161246460
       54.074128538022315
       55.350133867749939
      -10.581509106343644
       -5.107872005781331
        5.308707677672858
        8.762486295576640
        8.181401473110315
        8.500727812818534
        3.126175510263504
        2.937643630673525
        3.911726057486978
       26.141046165746125
       25.180098793422161
       22.571217513570165
       95.459081825518354
       77.066498412755521
       43.987638057140707
      -19.729317387941897
      -13.034786522336137
       -4.892316115547328
        1.962787222008573
   5.042750430664146E-001
  -4.911731587584005E-001
      -19.188749262013417
      -11.704711631689680
       -5.694416140850994
       32.019775622747900
       34.922872059931379
       27.807431981040629
       16.225071399345289
       -5.145892798678975
       -3.336824958151180
       -1.182505601132650
       -1.772295748172821
  -7.772949733514374E-001
   3.304867047432827E-001
       -8.045917151353818
       -5.228337489351650
       -2.082090916763065
       10.397727663242952
        5.466805074750217
       73.144830472026541
       59.396754758208523
       33.967022818216549
      -10.454661087166006
       -6.740864408101107
       -2.030338634138528
   4.405457670812627E-001
   3.185397280534656E-001
   1.177255027661067E-001
      -26.414328408574669
      -19.759001999893556
      -10.498711031325097
       21.508707888280732
        8.418064079331984
       21.133328806245810
     -852.415487712982326
     -699.356206768332527
     -427.149370344063414
       95.212471322595519
       52.420544762160702
  -9.867374016599157E-001
      -19.690701177863804
      -12.324833369025756
      -10.433315926472307
      175.523676911451645
       99.966025056465170
       30.477838123281984
     -244.661361016376560
      -93.062392056819149
     -192.824730319360896
     2336.004934652522934
      103.024240706432209
       84.471876408036479
       62.905466976590553
        7.967998633185095
       11.169990173425603
       16.343449829535338
       10.685355013880470
        9.314197762968597
       10.466524442122717
        2.172933675005347
        6.747712394519979
       10.533203398261989
       22.229974590954868
        8.433545576003919
       16.295563092710928
     -238.286218728779090
      152.355572775152893
     -477.121820803625894
     -389.130203331091991
     -217.464931440728691
       75.216625357000467
       50.940391173096728
       21.505182934715798
        4.424762478270825
        1.994571945721109
        6.080982008905238
      128.382773456740352
       80.051729059743366
       40.832689749016950
     -145.278993214459348
      -54.230476498740913
     -114.520510633738425
     1210.979013377753063
       27.909570945974522
     1292.988624830949675
        6.722626579248356
       13.016430832801376
       21.930388692257679
       24.143037971375108
       21.924321095810456
       21.394439910533929
       11.263841578129234
       10.394013825036687
       10.019681521595185
       13.087700005672737
       12.600098481602004
       14.858985706395945
       -7.153319099012506
       -3.412350829784401
       -4.371091594898488
        2.671927430377650
       26.090421144406378
       37.017126611089111
       84.759476466019294
     -857.082411480720111
     -690.713997403081521
     -387.637620262193877
      139.774289418928561
       91.451167587930058
       40.859936238528036
   7.016715279329588E-001
        8.617530157634640
        9.256034126786124
      183.125852075031844
      117.118101495244673
       58.567862752184226
     -261.593316563502185
     -101.139213554623950
     -200.529928266938555
     2187.129995951288947
     -191.487424177423236
     1300.768526493660829
      165.091483605600786
     2875.333380214737190
