   8.379978427447414E-003
           3
          18
          20
   8.158856590852864E-001
   0.000000000000000E+000
   0.000000000000000E+000
   0.000000000000000E+000
   0.000000000000000E+000
   0.000000000000000E+000
   0.000000000000000E+000
   0.000000000000000E+000
   0.000000000000000E+000
   0.000000000000000E+000
   0.000000000000000E+000
   0.000000000000000E+000
   0.000000000000000E+000
   0.000000000000000E+000
   0.000000000000000E+000
   5.754033338833635E-001
   0.000000000000000E+000
   0.000000000000000E+000
   0.000000000000000E+000
   0.000000000000000E+000
   0.000000000000000E+000
   8.158856590852864E-001
   0.000000000000000E+000
   0.000000000000000E+000
   0.000000000000000E+000
   0.000000000000000E+000
   0.000000000000000E+000
   0.000000000000000E+000
   0.000000000000000E+000
   0.000000000000000E+000
   0.000000000000000E+000
   0.000000000000000E+000
   0.000000000000000E+000
   0.000000000000000E+000
   0.000000000000000E+000
   8.997991714707887E-002
   0.000000000000000E+000
   0.000000000000000E+000
   0.000000000000000E+000
   0.000000000000000E+000
   0.000000000000000E+000
   0.000000000000000E+000
   8.158856590852864E-001
   0.000000000000000E+000
   0.000000000000000E+000
   0.000000000000000E+000
   0.000000000000000E+000
   0.000000000000000E+000
   0.000000000000000E+000
   0.000000000000000E+000
   0.000000000000000E+000
   0.000000000000000E+000
   0.000000000000000E+000
   0.000000000000000E+000
   0.000000000000000E+000
  -4.312434577994479E-001
   0.000000000000000E+000
   0.000000000000000E+000
   0.000000000000000E+000
   0.000000000000000E+000
   0.000000000000000E+000
   0.000000000000000E+000
   0.000000000000000E+000
   7.855752553545470E-001
   0.000000000000000E+000
   0.000000000000000E+000
   0.000000000000000E+000
   0.000000000000000E+000
   0.000000000000000E+000
   0.000000000000000E+000
   0.000000000000000E+000
   0.000000000000000E+000
   4.915773176561158E-001
   0.000000000000000E+000
   0.000000000000000E+000
   5.439065624296454E-001
   0.000000000000000E+000
   0.000000000000000E+000
   0.000000000000000E+000
   0.000000000000000E+000
   0.000000000000000E+000
   0.000000000000000E+000
   0.000000000000000E+000
   0.000000000000000E+000
   7.855752553545470E-001
   0.000000000000000E+000
   0.000000000000000E+000
   0.000000000000000E+000
   0.000000000000000E+000
   0.000000000000000E+000
   0.000000000000000E+000
   0.000000000000000E+000
  -9.967736941884950E-002
   0.000000000000000E+000
   0.000000000000000E+000
  -1.102881955805834E-001
   0.000000000000000E+000
   0.000000000000000E+000
   0.000000000000000E+000
   0.000000000000000E+000
   0.000000000000000E+000
   0.000000000000000E+000
   0.000000000000000E+000
   0.000000000000000E+000
   0.000000000000000E+000
   7.855752553545470E-001
   0.000000000000000E+000
   0.000000000000000E+000
   0.000000000000000E+000
   0.000000000000000E+000
   0.000000000000000E+000
   0.000000000000000E+000
  -5.186694967837343E-001
   0.000000000000000E+000
   0.000000000000000E+000
  -5.738827502820302E-001
   0.000000000000000E+000
   0.000000000000000E+000
   0.000000000000000E+000
   0.000000000000000E+000
   0.000000000000000E+000
   0.000000000000000E+000
   0.000000000000000E+000
   0.000000000000000E+000
   0.000000000000000E+000
   0.000000000000000E+000
   9.680297037592420E-001
   0.000000000000000E+000
   0.000000000000000E+000
   0.000000000000000E+000
   0.000000000000000E+000
   0.000000000000000E+000
   0.000000000000000E+000
  -3.017328339477930E-001
   0.000000000000000E+000
   1.098289347128237E-001
   0.000000000000000E+000
   0.000000000000000E+000
   0.000000000000000E+000
   0.000000000000000E+000
   0.000000000000000E+000
   0.000000000000000E+000
   0.000000000000000E+000
   0.000000000000000E+000
   0.000000000000000E+000
   0.000000000000000E+000
   0.000000000000000E+000
   9.680297037592420E-001
   0.000000000000000E+000
   0.000000000000000E+000
   0.000000000000000E+000
   0.000000000000000E+000
   0.000000000000000E+000
  -7.361507071534375E-002
   0.000000000000000E+000
   2.679544247701692E-002
   0.000000000000000E+000
   0.000000000000000E+000
   0.000000000000000E+000
   0.000000000000000E+000
   0.000000000000000E+000
   0.000000000000000E+000
   0.000000000000000E+000
   0.000000000000000E+000
   0.000000000000000E+000
   0.000000000000000E+000
   0.000000000000000E+000
   0.000000000000000E+000
   9.680297037592420E-001
   0.000000000000000E+000
   0.000000000000000E+000
   0.000000000000000E+000
   0.000000000000000E+000
   2.240784009025475E-001
   0.000000000000000E+000
  -8.156318867020614E-002
   0.000000000000000E+000
   0.000000000000000E+000
   0.000000000000000E+000
   0.000000000000000E+000
   0.000000000000000E+000
   0.000000000000000E+000
   0.000000000000000E+000
   0.000000000000000E+000
   0.000000000000000E+000
   0.000000000000000E+000
   0.000000000000000E+000
   0.000000000000000E+000
   0.000000000000000E+000
   7.821303422381845E-001
   0.000000000000000E+000
   0.000000000000000E+000
   0.000000000000000E+000
   0.000000000000000E+000
   2.273411674392082E-001
   2.544255884593216E-001
   0.000000000000000E+000
   0.000000000000000E+000
   0.000000000000000E+000
   0.000000000000000E+000
   0.000000000000000E+000
   0.000000000000000E+000
   0.000000000000000E+000
   0.000000000000000E+000
   0.000000000000000E+000
   0.000000000000000E+000
   0.000000000000000E+000
   0.000000000000000E+000
   0.000000000000000E+000
   0.000000000000000E+000
   7.821303422381845E-001
   0.000000000000000E+000
   0.000000000000000E+000
   0.000000000000000E+000
  -4.182297641798226E-001
  -4.680558081989644E-001
   0.000000000000000E+000
   0.000000000000000E+000
   0.000000000000000E+000
   0.000000000000000E+000
   0.000000000000000E+000
   0.000000000000000E+000
   0.000000000000000E+000
   0.000000000000000E+000
   0.000000000000000E+000
   0.000000000000000E+000
   0.000000000000000E+000
   0.000000000000000E+000
   0.000000000000000E+000
   0.000000000000000E+000
   0.000000000000000E+000
   7.821303422381845E-001
   0.000000000000000E+000
   0.000000000000000E+000
  -8.334466284205908E-001
  -9.327397728880289E-001
   0.000000000000000E+000
   0.000000000000000E+000
   0.000000000000000E+000
   0.000000000000000E+000
   0.000000000000000E+000
   0.000000000000000E+000
   0.000000000000000E+000
   0.000000000000000E+000
   0.000000000000000E+000
   0.000000000000000E+000
   0.000000000000000E+000
   0.000000000000000E+000
   0.000000000000000E+000
   0.000000000000000E+000
   0.000000000000000E+000
   0.000000000000000E+000
   1.986598954784377E-001
   0.000000000000000E+000
   0.000000000000000E+000
   4.569043707144155E-001
   0.000000000000000E+000
   0.000000000000000E+000
   0.000000000000000E+000
   0.000000000000000E+000
   0.000000000000000E+000
   0.000000000000000E+000
   0.000000000000000E+000
   0.000000000000000E+000
   0.000000000000000E+000
   0.000000000000000E+000
   0.000000000000000E+000
   0.000000000000000E+000
   0.000000000000000E+000
   0.000000000000000E+000
   0.000000000000000E+000
   0.000000000000000E+000
   0.000000000000000E+000
   3.717173805559073E-001
   0.000000000000000E+000
  -2.314172528494636E-001
   0.000000000000000E+000
   0.000000000000000E+000
   0.000000000000000E+000
   0.000000000000000E+000
   0.000000000000000E+000
   0.000000000000000E+000
   0.000000000000000E+000
   0.000000000000000E+000
   0.000000000000000E+000
   0.000000000000000E+000
   0.000000000000000E+000
   0.000000000000000E+000
   0.000000000000000E+000
   0.000000000000000E+000
   0.000000000000000E+000
   0.000000000000000E+000
  -8.618095437556147E-002
   3.977876907273529E-001
   0.000000000000000E+000
  -2.401473883114597E-001
   0.000000000000000E+000
   0.000000000000000E+000
   0.000000000000000E+000
   0.000000000000000E+000
   0.000000000000000E+000
   0.000000000000000E+000
   0.000000000000000E+000
   0.000000000000000E+000
   0.000000000000000E+000
   0.000000000000000E+000
   0.000000000000000E+000
   0.000000000000000E+000
   0.000000000000000E+000
   0.000000000000000E+000
   0.000000000000000E+000
   0.000000000000000E+000
   0.000000000000000E+000
   0.000000000000000E+000
   1.960578428848318E-001
   4.581784307678255E-001
   0.000000000000000E+000
   0.000000000000000E+000
   0.000000000000000E+000
   0.000000000000000E+000
   0.000000000000000E+000
   0.000000000000000E+000
   0.000000000000000E+000
   0.000000000000000E+000
   0.000000000000000E+000
   0.000000000000000E+000
   0.000000000000000E+000
   0.000000000000000E+000
   0.000000000000000E+000
   0.000000000000000E+000
   0.000000000000000E+000
   0.000000000000000E+000
   2.140869782261876E-001
   0.000000000000000E+000
   2.098083131154896E-001
   4.716808500160634E-001
   0.000000000000000E+000
   0.000000000000000E+000
   0.000000000000000E+000
   0.000000000000000E+000
   0.000000000000000E+000
   0.000000000000000E+000
   0.000000000000000E+000
   0.000000000000000E+000
   0.000000000000000E+000
   0.000000000000000E+000
   0.000000000000000E+000
   0.000000000000000E+000
   0.000000000000000E+000
   0.000000000000000E+000
   0.000000000000000E+000
   0.000000000000000E+000
   0.000000000000000E+000
   4.005833717253996E-001
  -8.505215394348484E-002
  -2.409948265752702E-001
   0.000000000000000E+000
   0.000000000000000E+000
   0.000000000000000E+000
   0.000000000000000E+000
   8.424811102286628E-001
   0.000000000000000E+000
   0.000000000000000E+000
   0.000000000000000E+000
   0.000000000000000E+000
   0.000000000000000E+000
   0.000000000000000E+000
   0.000000000000000E+000
   0.000000000000000E+000
   0.000000000000000E+000
   0.000000000000000E+000
   0.000000000000000E+000
   0.000000000000000E+000
   0.000000000000000E+000
   0.000000000000000E+000
   0.000000000000000E+000
  -8.424811102286628E-001
   6.101978535557315E-001
   0.000000000000000E+000
   0.000000000000000E+000
   0.000000000000000E+000
   8.424811102286628E-001
   0.000000000000000E+000
   0.000000000000000E+000
   0.000000000000000E+000
   0.000000000000000E+000
   0.000000000000000E+000
   0.000000000000000E+000
   0.000000000000000E+000
   0.000000000000000E+000
   0.000000000000000E+000
   0.000000000000000E+000
   0.000000000000000E+000
   0.000000000000000E+000
   0.000000000000000E+000
   0.000000000000000E+000
  -8.424811102286628E-001
   7.574015113017617E-002
   0.000000000000000E+000
   0.000000000000000E+000
   0.000000000000000E+000
   0.000000000000000E+000
   8.424811102286628E-001
   0.000000000000000E+000
   0.000000000000000E+000
   0.000000000000000E+000
   0.000000000000000E+000
   0.000000000000000E+000
   0.000000000000000E+000
   0.000000000000000E+000
   0.000000000000000E+000
   0.000000000000000E+000
   0.000000000000000E+000
   0.000000000000000E+000
   0.000000000000000E+000
   0.000000000000000E+000
  -8.424811102286628E-001
  -4.981337861787730E-001
   0.000000000000000E+000
   0.000000000000000E+000
   0.000000000000000E+000
   0.000000000000000E+000
   0.000000000000000E+000
   8.151127194129374E-001
   0.000000000000000E+000
   0.000000000000000E+000
   0.000000000000000E+000
   0.000000000000000E+000
   0.000000000000000E+000
   0.000000000000000E+000
   0.000000000000000E+000
   0.000000000000000E+000
   4.893307652429120E-001
   0.000000000000000E+000
   0.000000000000000E+000
   0.000000000000000E+000
  -9.059362679394493E-001
   5.785873090896614E-001
   0.000000000000000E+000
   0.000000000000000E+000
   0.000000000000000E+000
   0.000000000000000E+000
   0.000000000000000E+000
   0.000000000000000E+000
   8.151127194129374E-001
   0.000000000000000E+000
   0.000000000000000E+000
   0.000000000000000E+000
   0.000000000000000E+000
   0.000000000000000E+000
   0.000000000000000E+000
   0.000000000000000E+000
  -4.839648526535797E-002
   0.000000000000000E+000
   0.000000000000000E+000
   0.000000000000000E+000
  -9.059362679394493E-001
  -1.522095707868303E-001
   0.000000000000000E+000
   0.000000000000000E+000
   0.000000000000000E+000
   0.000000000000000E+000
   0.000000000000000E+000
   0.000000000000000E+000
   0.000000000000000E+000
   8.151127194129374E-001
   0.000000000000000E+000
   0.000000000000000E+000
   0.000000000000000E+000
   0.000000000000000E+000
   0.000000000000000E+000
   0.000000000000000E+000
  -4.294564405735246E-001
   0.000000000000000E+000
   0.000000000000000E+000
   0.000000000000000E+000
  -9.059362679394493E-001
  -6.700881535104348E-001
   0.000000000000000E+000
   0.000000000000000E+000
   0.000000000000000E+000
   0.000000000000000E+000
   0.000000000000000E+000
   0.000000000000000E+000
   0.000000000000000E+000
   0.000000000000000E+000
   9.737399928179616E-001
   0.000000000000000E+000
   0.000000000000000E+000
   0.000000000000000E+000
   0.000000000000000E+000
   0.000000000000000E+000
   0.000000000000000E+000
  -1.779849736311132E-001
   0.000000000000000E+000
   0.000000000000000E+000
   3.560284633308146E-001
   1.135446574827228E-001
   0.000000000000000E+000
   0.000000000000000E+000
   0.000000000000000E+000
   0.000000000000000E+000
   0.000000000000000E+000
   0.000000000000000E+000
   0.000000000000000E+000
   0.000000000000000E+000
   0.000000000000000E+000
   9.737399928179616E-001
   0.000000000000000E+000
   0.000000000000000E+000
   0.000000000000000E+000
   0.000000000000000E+000
   0.000000000000000E+000
   1.104031083775313E-002
   0.000000000000000E+000
   0.000000000000000E+000
   3.560284633308146E-001
   2.903306700824990E-002
   0.000000000000000E+000
   0.000000000000000E+000
   0.000000000000000E+000
   0.000000000000000E+000
   0.000000000000000E+000
   0.000000000000000E+000
   0.000000000000000E+000
   0.000000000000000E+000
   0.000000000000000E+000
   0.000000000000000E+000
   9.737399928179616E-001
   0.000000000000000E+000
   0.000000000000000E+000
   0.000000000000000E+000
   0.000000000000000E+000
   2.577181335540674E-001
   0.000000000000000E+000
   0.000000000000000E+000
   3.560284633308146E-001
  -8.125448098361376E-002
   0.000000000000000E+000
   0.000000000000000E+000
   0.000000000000000E+000
   0.000000000000000E+000
   0.000000000000000E+000
   0.000000000000000E+000
   0.000000000000000E+000
   0.000000000000000E+000
   0.000000000000000E+000
   0.000000000000000E+000
   0.000000000000000E+000
   8.119771374875300E-001
   0.000000000000000E+000
   0.000000000000000E+000
   0.000000000000000E+000
   0.000000000000000E+000
   2.488662508468573E-001
   0.000000000000000E+000
  -9.127966046479444E-001
   2.550072725768910E-001
   0.000000000000000E+000
   0.000000000000000E+000
   0.000000000000000E+000
   0.000000000000000E+000
   0.000000000000000E+000
   0.000000000000000E+000
   0.000000000000000E+000
   0.000000000000000E+000
   0.000000000000000E+000
   0.000000000000000E+000
   0.000000000000000E+000
   0.000000000000000E+000
   8.119771374875300E-001
   0.000000000000000E+000
   0.000000000000000E+000
   0.000000000000000E+000
  -3.392129126650996E-001
   0.000000000000000E+000
  -9.127966046479444E-001
  -5.533822371358050E-001
   0.000000000000000E+000
   0.000000000000000E+000
   0.000000000000000E+000
   0.000000000000000E+000
   0.000000000000000E+000
   0.000000000000000E+000
   0.000000000000000E+000
   0.000000000000000E+000
   0.000000000000000E+000
   0.000000000000000E+000
   0.000000000000000E+000
   0.000000000000000E+000
   0.000000000000000E+000
   8.119771374875300E-001
   0.000000000000000E+000
   0.000000000000000E+000
  -7.174523504080406E-001
   0.000000000000000E+000
  -9.127966046479444E-001
       -1.073320389348207
   0.000000000000000E+000
   0.000000000000000E+000
   0.000000000000000E+000
   0.000000000000000E+000
   0.000000000000000E+000
   0.000000000000000E+000
   0.000000000000000E+000
   0.000000000000000E+000
   0.000000000000000E+000
   0.000000000000000E+000
   0.000000000000000E+000
   0.000000000000000E+000
   0.000000000000000E+000
   0.000000000000000E+000
   1.865642920519810E-001
   0.000000000000000E+000
   0.000000000000000E+000
   0.000000000000000E+000
   0.000000000000000E+000
   5.244117899058218E-001
   0.000000000000000E+000
   0.000000000000000E+000
   0.000000000000000E+000
   0.000000000000000E+000
   0.000000000000000E+000
   0.000000000000000E+000
   0.000000000000000E+000
   0.000000000000000E+000
   0.000000000000000E+000
   0.000000000000000E+000
   0.000000000000000E+000
   0.000000000000000E+000
   0.000000000000000E+000
   0.000000000000000E+000
   0.000000000000000E+000
   3.180566910403435E-001
   0.000000000000000E+000
   0.000000000000000E+000
   0.000000000000000E+000
  -2.486478751274826E-001
   0.000000000000000E+000
   0.000000000000000E+000
   0.000000000000000E+000
   0.000000000000000E+000
   0.000000000000000E+000
   0.000000000000000E+000
   0.000000000000000E+000
   0.000000000000000E+000
   0.000000000000000E+000
   0.000000000000000E+000
   0.000000000000000E+000
   0.000000000000000E+000
   0.000000000000000E+000
   0.000000000000000E+000
  -7.884117211083826E-002
   3.420125248814822E-001
   0.000000000000000E+000
   0.000000000000000E+000
   0.000000000000000E+000
  -2.600597777021812E-001
   0.000000000000000E+000
   0.000000000000000E+000
   0.000000000000000E+000
   0.000000000000000E+000
   0.000000000000000E+000
   0.000000000000000E+000
   0.000000000000000E+000
   0.000000000000000E+000
   0.000000000000000E+000
   0.000000000000000E+000
   0.000000000000000E+000
   0.000000000000000E+000
   0.000000000000000E+000
   0.000000000000000E+000
   0.000000000000000E+000
   0.000000000000000E+000
   1.844195328346724E-001
   0.000000000000000E+000
   0.000000000000000E+000
   5.264212701086473E-001
   0.000000000000000E+000
   0.000000000000000E+000
   0.000000000000000E+000
   0.000000000000000E+000
   0.000000000000000E+000
   0.000000000000000E+000
   0.000000000000000E+000
   0.000000000000000E+000
   0.000000000000000E+000
   0.000000000000000E+000
   0.000000000000000E+000
   0.000000000000000E+000
   0.000000000000000E+000
   0.000000000000000E+000
   2.021353954005864E-001
   0.000000000000000E+000
   1.983098983264251E-001
   0.000000000000000E+000
   0.000000000000000E+000
   5.473137505608370E-001
   0.000000000000000E+000
   0.000000000000000E+000
   0.000000000000000E+000
   0.000000000000000E+000
   0.000000000000000E+000
   0.000000000000000E+000
   0.000000000000000E+000
   0.000000000000000E+000
   0.000000000000000E+000
   0.000000000000000E+000
   0.000000000000000E+000
   0.000000000000000E+000
   0.000000000000000E+000
   0.000000000000000E+000
   0.000000000000000E+000
   3.446024654349675E-001
  -7.793480718575913E-002
   0.000000000000000E+000
   0.000000000000000E+000
  -2.612001114829940E-001
   0.000000000000000E+000
   0.000000000000000E+000
   8.355349620784632E-001
   0.000000000000000E+000
   0.000000000000000E+000
   0.000000000000000E+000
   0.000000000000000E+000
   0.000000000000000E+000
   0.000000000000000E+000
   0.000000000000000E+000
   0.000000000000000E+000
   0.000000000000000E+000
   0.000000000000000E+000
   0.000000000000000E+000
   0.000000000000000E+000
   0.000000000000000E+000
   0.000000000000000E+000
   0.000000000000000E+000
   0.000000000000000E+000
   0.000000000000000E+000
  -8.355349620784632E-001
   5.651434270903885E-001
   0.000000000000000E+000
   8.355349620784632E-001
   0.000000000000000E+000
   0.000000000000000E+000
   0.000000000000000E+000
   0.000000000000000E+000
   0.000000000000000E+000
   0.000000000000000E+000
   0.000000000000000E+000
   0.000000000000000E+000
   0.000000000000000E+000
   0.000000000000000E+000
   0.000000000000000E+000
   0.000000000000000E+000
   0.000000000000000E+000
   0.000000000000000E+000
   0.000000000000000E+000
   0.000000000000000E+000
  -8.355349620784632E-001
   4.379663485600391E-002
   0.000000000000000E+000
   0.000000000000000E+000
   8.355349620784632E-001
   0.000000000000000E+000
   0.000000000000000E+000
   0.000000000000000E+000
   0.000000000000000E+000
   0.000000000000000E+000
   0.000000000000000E+000
   0.000000000000000E+000
   0.000000000000000E+000
   0.000000000000000E+000
   0.000000000000000E+000
   0.000000000000000E+000
   0.000000000000000E+000
   0.000000000000000E+000
   0.000000000000000E+000
   0.000000000000000E+000
  -8.355349620784632E-001
  -5.159994631422484E-001
   0.000000000000000E+000
   0.000000000000000E+000
   0.000000000000000E+000
   8.073566761902163E-001
   0.000000000000000E+000
   0.000000000000000E+000
   0.000000000000000E+000
   0.000000000000000E+000
   0.000000000000000E+000
   0.000000000000000E+000
   0.000000000000000E+000
   0.000000000000000E+000
   5.547729420755367E-001
   0.000000000000000E+000
   0.000000000000000E+000
   0.000000000000000E+000
   0.000000000000000E+000
   0.000000000000000E+000
  -8.973160112757702E-001
   5.249627804685177E-001
   0.000000000000000E+000
   0.000000000000000E+000
   0.000000000000000E+000
   0.000000000000000E+000
   8.073566761902163E-001
   0.000000000000000E+000
   0.000000000000000E+000
   0.000000000000000E+000
   0.000000000000000E+000
   0.000000000000000E+000
   0.000000000000000E+000
   0.000000000000000E+000
   2.190587872319433E-003
   0.000000000000000E+000
   0.000000000000000E+000
   0.000000000000000E+000
   0.000000000000000E+000
   0.000000000000000E+000
  -8.973160112757702E-001
  -1.851707131812761E-001
   0.000000000000000E+000
   0.000000000000000E+000
   0.000000000000000E+000
   0.000000000000000E+000
   0.000000000000000E+000
   8.073566761902163E-001
   0.000000000000000E+000
   0.000000000000000E+000
   0.000000000000000E+000
   0.000000000000000E+000
   0.000000000000000E+000
   0.000000000000000E+000
  -3.893964239403189E-001
   0.000000000000000E+000
   0.000000000000000E+000
   0.000000000000000E+000
   0.000000000000000E+000
   0.000000000000000E+000
  -8.973160112757702E-001
  -6.884062049612504E-001
   0.000000000000000E+000
   0.000000000000000E+000
   0.000000000000000E+000
   0.000000000000000E+000
   0.000000000000000E+000
   0.000000000000000E+000
   9.722915440369402E-001
   0.000000000000000E+000
   0.000000000000000E+000
   0.000000000000000E+000
   0.000000000000000E+000
   0.000000000000000E+000
   0.000000000000000E+000
  -9.669477838203910E-002
   0.000000000000000E+000
   0.000000000000000E+000
   0.000000000000000E+000
   0.000000000000000E+000
   3.554988671372474E-001
   1.153559927133239E-001
   0.000000000000000E+000
   0.000000000000000E+000
   0.000000000000000E+000
   0.000000000000000E+000
   0.000000000000000E+000
   0.000000000000000E+000
   0.000000000000000E+000
   9.722915440369402E-001
   0.000000000000000E+000
   0.000000000000000E+000
   0.000000000000000E+000
   0.000000000000000E+000
   0.000000000000000E+000
   1.023139196316681E-001
   0.000000000000000E+000
   0.000000000000000E+000
   0.000000000000000E+000
   0.000000000000000E+000
   3.554988671372474E-001
   3.122097724080870E-002
   0.000000000000000E+000
   0.000000000000000E+000
   0.000000000000000E+000
   0.000000000000000E+000
   0.000000000000000E+000
   0.000000000000000E+000
   0.000000000000000E+000
   0.000000000000000E+000
   9.722915440369402E-001
   0.000000000000000E+000
   0.000000000000000E+000
   0.000000000000000E+000
   0.000000000000000E+000
   3.620200878597360E-001
   0.000000000000000E+000
   0.000000000000000E+000
   0.000000000000000E+000
   0.000000000000000E+000
   3.554988671372474E-001
  -7.857514071917690E-002
   0.000000000000000E+000
   0.000000000000000E+000
   0.000000000000000E+000
   0.000000000000000E+000
   0.000000000000000E+000
   0.000000000000000E+000
   0.000000000000000E+000
   0.000000000000000E+000
   0.000000000000000E+000
   8.041351676779163E-001
   0.000000000000000E+000
   0.000000000000000E+000
   0.000000000000000E+000
   0.000000000000000E+000
   3.069359205291320E-001
   0.000000000000000E+000
   0.000000000000000E+000
   0.000000000000000E+000
  -9.039809335095720E-001
   2.095884774270118E-001
   0.000000000000000E+000
   0.000000000000000E+000
   0.000000000000000E+000
   0.000000000000000E+000
   0.000000000000000E+000
   0.000000000000000E+000
   0.000000000000000E+000
   0.000000000000000E+000
   0.000000000000000E+000
   0.000000000000000E+000
   8.041351676779163E-001
   0.000000000000000E+000
   0.000000000000000E+000
   0.000000000000000E+000
  -2.971284353595390E-001
   0.000000000000000E+000
   0.000000000000000E+000
   0.000000000000000E+000
  -9.039809335095720E-001
  -5.756045474412859E-001
   0.000000000000000E+000
   0.000000000000000E+000
   0.000000000000000E+000
   0.000000000000000E+000
   0.000000000000000E+000
   0.000000000000000E+000
   0.000000000000000E+000
   0.000000000000000E+000
   0.000000000000000E+000
   0.000000000000000E+000
   0.000000000000000E+000
   8.041351676779163E-001
   0.000000000000000E+000
   0.000000000000000E+000
  -6.856491932918802E-001
   0.000000000000000E+000
   0.000000000000000E+000
   0.000000000000000E+000
  -9.039809335095720E-001
       -1.080623236544739
   0.000000000000000E+000
   0.000000000000000E+000
   0.000000000000000E+000
   0.000000000000000E+000
   0.000000000000000E+000
   0.000000000000000E+000
   0.000000000000000E+000
   0.000000000000000E+000
   0.000000000000000E+000
   0.000000000000000E+000
   0.000000000000000E+000
   0.000000000000000E+000
   1.901375729912964E-001
   0.000000000000000E+000
   0.000000000000000E+000
   0.000000000000000E+000
   0.000000000000000E+000
   0.000000000000000E+000
   0.000000000000000E+000
   5.060525678021823E-001
   0.000000000000000E+000
   0.000000000000000E+000
   0.000000000000000E+000
   0.000000000000000E+000
   0.000000000000000E+000
   0.000000000000000E+000
   0.000000000000000E+000
   0.000000000000000E+000
   0.000000000000000E+000
   0.000000000000000E+000
   0.000000000000000E+000
   0.000000000000000E+000
   0.000000000000000E+000
   3.320940920614858E-001
   0.000000000000000E+000
   0.000000000000000E+000
   0.000000000000000E+000
   0.000000000000000E+000
   0.000000000000000E+000
  -2.440812993156175E-001
   0.000000000000000E+000
   0.000000000000000E+000
   0.000000000000000E+000
   0.000000000000000E+000
   0.000000000000000E+000
   0.000000000000000E+000
   0.000000000000000E+000
   0.000000000000000E+000
   0.000000000000000E+000
   0.000000000000000E+000
   0.000000000000000E+000
   0.000000000000000E+000
  -8.089869947570665E-002
   3.566497628244992E-001
   0.000000000000000E+000
   0.000000000000000E+000
   0.000000000000000E+000
   0.000000000000000E+000
   0.000000000000000E+000
  -2.547453837320068E-001
   0.000000000000000E+000
   0.000000000000000E+000
   0.000000000000000E+000
   0.000000000000000E+000
   0.000000000000000E+000
   0.000000000000000E+000
   0.000000000000000E+000
   0.000000000000000E+000
   0.000000000000000E+000
   0.000000000000000E+000
   0.000000000000000E+000
   0.000000000000000E+000
   0.000000000000000E+000
   0.000000000000000E+000
   1.878705862917541E-001
   0.000000000000000E+000
   0.000000000000000E+000
   0.000000000000000E+000
   0.000000000000000E+000
   5.078507686756060E-001
   0.000000000000000E+000
   0.000000000000000E+000
   0.000000000000000E+000
   0.000000000000000E+000
   0.000000000000000E+000
   0.000000000000000E+000
   0.000000000000000E+000
   0.000000000000000E+000
   0.000000000000000E+000
   0.000000000000000E+000
   0.000000000000000E+000
   0.000000000000000E+000
   2.057134034228188E-001
   0.000000000000000E+000
   2.017620958768764E-001
   0.000000000000000E+000
   0.000000000000000E+000
   0.000000000000000E+000
   0.000000000000000E+000
   5.266264350251180E-001
   0.000000000000000E+000
   0.000000000000000E+000
   0.000000000000000E+000
   0.000000000000000E+000
   0.000000000000000E+000
   0.000000000000000E+000
   0.000000000000000E+000
   0.000000000000000E+000
   0.000000000000000E+000
   0.000000000000000E+000
   0.000000000000000E+000
   0.000000000000000E+000
   0.000000000000000E+000
   3.592988216890007E-001
  -7.993415431592335E-002
   0.000000000000000E+000
   0.000000000000000E+000
   0.000000000000000E+000
   0.000000000000000E+000
  -2.558033649830240E-001
   8.867104374242579E-002
   0.000000000000000E+000
   2.229382855614184E-001
   0.000000000000000E+000
   0.000000000000000E+000
   1.045331166652063E-001
   0.000000000000000E+000
   0.000000000000000E+000
   0.000000000000000E+000
   1.246388180388041E-001
   0.000000000000000E+000
   0.000000000000000E+000
   0.000000000000000E+000
   0.000000000000000E+000
   1.842862674432484E-001
   0.000000000000000E+000
   0.000000000000000E+000
   0.000000000000000E+000
   0.000000000000000E+000
   0.000000000000000E+000
   7.865128025045333E-002
   0.000000000000000E+000
   0.000000000000000E+000
   0.000000000000000E+000
   0.000000000000000E+000
   0.000000000000000E+000
   0.000000000000000E+000
   9.195496311288581E-002
   0.000000000000000E+000
   0.000000000000000E+000
   0.000000000000000E+000
   0.000000000000000E+000
   0.000000000000000E+000
   0.000000000000000E+000
   0.000000000000000E+000
   3.180829121499581E-001
   0.000000000000000E+000
   0.000000000000000E+000
   0.000000000000000E+000
   0.000000000000000E+000
   0.000000000000000E+000
   0.000000000000000E+000
   0.000000000000000E+000
   0.000000000000000E+000
   1.601836091977813E-001
   0.000000000000000E+000
   0.000000000000000E+000
   0.000000000000000E+000
   0.000000000000000E+000
   0.000000000000000E+000
   0.000000000000000E+000
   0.000000000000000E+000
   0.000000000000000E+000
   0.000000000000000E+000
   1.933913128787372E-001
   0.000000000000000E+000
   0.000000000000000E+000
   0.000000000000000E+000
   0.000000000000000E+000
   0.000000000000000E+000
   0.000000000000000E+000
   0.000000000000000E+000
   0.000000000000000E+000
   0.000000000000000E+000
   0.000000000000000E+000
   9.409786347912086E-002
   0.000000000000000E+000
   0.000000000000000E+000
   0.000000000000000E+000
   0.000000000000000E+000
   0.000000000000000E+000
   0.000000000000000E+000
   0.000000000000000E+000
   0.000000000000000E+000
   0.000000000000000E+000
   0.000000000000000E+000
   0.000000000000000E+000
   3.131660995752268E-002
   0.000000000000000E+000
   0.000000000000000E+000
   0.000000000000000E+000
   8.051640243302505E-002
  -1.151914421126500E-002
  -4.532039551950667E-002
   0.000000000000000E+000
   0.000000000000000E+000
   0.000000000000000E+000
   0.000000000000000E+000
   0.000000000000000E+000
   0.000000000000000E+000
   1.342900634259692E-001
   0.000000000000000E+000
   0.000000000000000E+000
   0.000000000000000E+000
   0.000000000000000E+000
   0.000000000000000E+000
   0.000000000000000E+000
  -2.052703875680455E-002
   2.135830611562473E-003
   4.769676033742500E-002
   0.000000000000000E+000
   0.000000000000000E+000
   0.000000000000000E+000
  -1.583403842449797E-002
   2.246165313894195E-001
   0.000000000000000E+000
   0.000000000000000E+000
   0.000000000000000E+000
   0.000000000000000E+000
   0.000000000000000E+000
   0.000000000000000E+000
   0.000000000000000E+000
   0.000000000000000E+000
   0.000000000000000E+000
   6.341556772346781E-002
  -4.358565586127484E-002
  -3.154490604646606E-002
   2.341213444535953E-002
  -1.615503844428332E-002
   1.189186415142769E-001
   3.081962850851810E-002
   1.227731567823001E-002
  -2.625185251772350E-002
   4.399753266516358E-002
  -1.181119521048393E-002
  -2.874381571646438E-002
   5.685500021824668E-003
   4.421024190458172E-003
  -6.047396581577802E-003
   3.184813801301168E-002
  -3.074368500917502E-002
  -2.679195762819869E-002
   1.176097804330708E-001
  -7.694901237334034E-002
   1.113000361244876E-001
   3.941768963254141E-001
  -1.084262366556660E-002
  -1.887549018580116E-002
  -1.322580449544634E-002
  -1.571338980635289E-002
  -1.997851653691751E-002
  -9.604604495682097E-003
   3.272907288500556E-003
   9.280234331198079E-003
   6.233705447699613E-003
  -2.226242454982486E-002
  -7.639792723344210E-003
  -2.122798511128660E-003
  -3.186548014290331E-003
   1.156846073529119E-003
  -1.756013739244815E-003
   0.000000000000000E+000
   1.361580193170716E-001
   7.853167990728705E-003
   1.696931197591732E-003
  -7.820021112151430E-003
   1.003554912909425E-002
  -3.356661538629396E-003
  -7.104177103261529E-003
   1.043796143625179E-003
   7.567756315583752E-004
  -1.422685411213633E-003
   6.219436111497417E-003
  -4.631618442674478E-003
  -2.496112401021888E-003
   2.187881680827010E-002
  -1.363373573321617E-002
   1.781234758604224E-002
   0.000000000000000E+000
  -9.816081252826854E-005
   8.959317764286810E-002
  -3.412812944987958E-002
  -9.273922327721813E-002
  -4.164044857737741E-002
  -5.218608101060199E-002
  -9.133724470442227E-002
  -3.407939646729513E-002
   1.202618028918133E-002
   4.862314697746492E-002
   2.609174631208040E-002
  -8.508061279172228E-002
  -4.038968950839337E-002
  -7.826906155685563E-003
  -1.967050414287258E-002
   1.363551116727174E-002
  -1.087734925431066E-002
   0.000000000000000E+000
   0.000000000000000E+000
   0.000000000000000E+000
   5.474630631862478E-001
   2.308375940309022E-002
   4.861156125170401E-003
  -2.571579896247526E-002
   3.053077159531645E-002
  -1.884841296644686E-002
  -2.614515699554416E-002
   3.902380834514248E-003
   4.270230668762864E-003
  -5.767001888333095E-003
   1.972598694570299E-002
  -2.571789745665764E-002
  -9.356321962734535E-003
   8.483971208964756E-002
  -4.806299741554859E-002
   6.897443988942981E-002
   0.000000000000000E+000
   0.000000000000000E+000
   0.000000000000000E+000
   3.197870699513812E-002
   3.218365675503963E-001
       18.793153572760108
        4.955468893328960
        6.834145976984979
  -8.314941046107063E-001
        2.503941959081273
       11.545678459137827
        1.452309884478078
        2.059969855603289
        4.121985434501661
       19.081761528270402
        3.593729486319297
        3.551038696748685
        2.979559238799122
        3.807769816998006
        8.013719834024130
        5.099637071542494
        3.688594343678235
        2.083168289259953
       -3.510025532055281
        5.337211008035033
       20.046542365353865
       -1.273771942494637
       -1.189564143583609
  -6.431400920702446E-001
  -6.857988627968584E-001
       -1.125541882555307
       -1.582067886236383
       11.099256895461993
  -9.840944207917736E-001
       -1.086301215441287
  -8.759301166254601E-001
       -1.169723372619710
       -1.015781928029211
       -1.250147389901049
        1.624947346152159
        3.376971488769560
       -1.585941285702521
  -5.798860098276158E-001
   4.847196273621928E-001
  -6.469215060980629E-001
  -6.624478940650512E-001
   2.587919902114962E-001
  -8.385075444989641E-002
   9.443585896424392E-001
        6.788489761628431
        2.122094567498439
        2.298460837205619
        2.136619428798135
        2.553578860014721
        2.896788704679444
        3.136570392740054
       -1.547682011030402
       -1.118141983815660
       -1.417452839956520
        8.974260022688584
        4.877570424438006
        4.079028705386627
        2.778565368384691
        5.781346254023296
        3.994831694480860
        3.060470577524455
       -1.780309815421994
       -1.688412802697558
       -1.584914919312923
   8.270986435821100E-001
       17.220395100194438
        5.124518044617608
        2.784822760998119
        2.187758026331673
        7.445662597584297
        2.905012337317683
        1.320226508011478
   8.652495563722891E-002
  -7.952446300011554E-001
  -5.912380711682440E-002
       -4.387120821078148
       14.018481642814537
       53.472803684640091
       15.396923806727727
        3.893617123678224
       -8.266557195270149
      -19.699349363403169
        1.190441462013223
       15.727045721428336
  -8.778488942008621E-001
  -2.230741277532641E-002
  -6.026942437635149E-001
  -5.903691892807245E-002
       -1.373773332279657
       -4.110542945661617
       57.970697490514574
       -4.537206327295178
       -1.503247240422839
   7.533146145184014E-001
  -8.122439431854112E-002
  -7.229490764316461E-001
       -1.700721580908263
        1.218965231871818
  -7.011657611799868E-002
       -1.797368738932270
  -5.390199241323614E-001
  -9.634791159210796E-001
       -1.771991334815600
       -7.044821102373046
       10.007949889342193
       14.520119100027859
        4.463394201241771
       -4.917665472227366
   3.275090298613109E-001
        1.544112902565895
        1.905018771419493
   2.976021629674722E-001
  -8.783508685480597E-001
  -3.204194061773356E-002
       -8.449335050627747
       13.209640266295196
       25.954729137016198
       24.089271028080216
       -7.595866839610339
       53.356232475569236
       -9.907764610693292
       -3.068866426371084
        4.157472188307926
        5.162056827743820
  -6.612095318244567E-001
       -4.358371321510873
   5.965180385705281E-001
   3.140408786909153E-001
  -5.693632394090192E-001
        1.132522156971060
       -1.265297683386243
  -8.130946262032051E-001
      -25.674835712069882
        6.093587797043250
      -21.592287567529262
       20.269712259030619
        4.505234595862483
        3.490993960075130
        2.947082413883110
        3.676168789925796
        4.094636066241976
        4.429826316562534
       -1.084030167441024
       -1.138827129553957
  -9.588665896324342E-001
        3.262649162171878
        4.189787830861877
        4.033582949300383
        1.339021809550122
       -1.134294095019475
        2.872469180489817
       -1.318002518735444
       17.535160598805913
       -8.099507177605620
       -2.343356247772268
        4.078401608790719
        3.019015726527858
  -4.998706157125308E-001
       -2.560437616750628
   5.862161935302126E-001
   3.405724381362006E-001
  -2.352150834860075E-001
        1.439693462185682
       -1.970753415887169
       -3.579613432739098
      -18.750128698289640
        4.836569434467013
      -17.108162518926324
       11.394203192504486
       -1.147285541294914
       28.456143267555909
        5.208080618323788
        4.053442404388774
        2.212749220811126
        3.240461950681944
        4.294139763066452
        4.630394253187678
       -1.365039388821055
       -1.287948668553126
  -9.982782754638988E-001
        3.062248010167075
        4.357733741349039
        4.063949512098599
        3.943443513541504
       -1.731630128428013
        4.936823259668990
       -2.844215378490175
        3.651995237190345
       -2.199861301950738
        7.906767517919915
       -9.316388524887522
       -2.039888980563235
        4.337598444284762
        3.465656305007718
  -6.469198014128137E-001
       -3.686757440867921
   3.547742077374014E-001
   1.231473786971968E-002
   2.083753768037821E-001
        1.191760339927609
       -1.464099783705976
       -2.598514463176965
      -21.453249226253476
        4.862607588810345
      -18.536714957445454
       12.782665088065144
       -1.165512741657256
        9.762103436442995
       -2.705851208536833
       17.554167115041512
