   1.134842794608946E-002
           3
          18
          20
   4.646057097812620E-001
   0.000000000000000E+000
   0.000000000000000E+000
   0.000000000000000E+000
   0.000000000000000E+000
   0.000000000000000E+000
   0.000000000000000E+000
   0.000000000000000E+000
   0.000000000000000E+000
   0.000000000000000E+000
   0.000000000000000E+000
   0.000000000000000E+000
   0.000000000000000E+000
   0.000000000000000E+000
   0.000000000000000E+000
   1.816791595750650E-001
   0.000000000000000E+000
   0.000000000000000E+000
   0.000000000000000E+000
   0.000000000000000E+000
   0.000000000000000E+000
   4.646057097812620E-001
   0.000000000000000E+000
   0.000000000000000E+000
   0.000000000000000E+000
   0.000000000000000E+000
   0.000000000000000E+000
   0.000000000000000E+000
   0.000000000000000E+000
   0.000000000000000E+000
   0.000000000000000E+000
   0.000000000000000E+000
   0.000000000000000E+000
   0.000000000000000E+000
   0.000000000000000E+000
   1.405428452090709E-001
   0.000000000000000E+000
   0.000000000000000E+000
   0.000000000000000E+000
   0.000000000000000E+000
   0.000000000000000E+000
   0.000000000000000E+000
   4.646057097812620E-001
   0.000000000000000E+000
   0.000000000000000E+000
   0.000000000000000E+000
   0.000000000000000E+000
   0.000000000000000E+000
   0.000000000000000E+000
   0.000000000000000E+000
   0.000000000000000E+000
   0.000000000000000E+000
   0.000000000000000E+000
   0.000000000000000E+000
   0.000000000000000E+000
   7.447762861109328E-002
   0.000000000000000E+000
   0.000000000000000E+000
   0.000000000000000E+000
   0.000000000000000E+000
   0.000000000000000E+000
   0.000000000000000E+000
   0.000000000000000E+000
   6.462514505963409E-001
   0.000000000000000E+000
   0.000000000000000E+000
   0.000000000000000E+000
   0.000000000000000E+000
   0.000000000000000E+000
   0.000000000000000E+000
   0.000000000000000E+000
   0.000000000000000E+000
        1.360934742644997
   0.000000000000000E+000
   0.000000000000000E+000
   1.160548072670289E-001
   0.000000000000000E+000
   0.000000000000000E+000
   0.000000000000000E+000
   0.000000000000000E+000
   0.000000000000000E+000
   0.000000000000000E+000
   0.000000000000000E+000
   0.000000000000000E+000
   6.462514505963409E-001
   0.000000000000000E+000
   0.000000000000000E+000
   0.000000000000000E+000
   0.000000000000000E+000
   0.000000000000000E+000
   0.000000000000000E+000
   0.000000000000000E+000
   8.309311580699662E-001
   0.000000000000000E+000
   0.000000000000000E+000
   7.085832434151768E-002
   0.000000000000000E+000
   0.000000000000000E+000
   0.000000000000000E+000
   0.000000000000000E+000
   0.000000000000000E+000
   0.000000000000000E+000
   0.000000000000000E+000
   0.000000000000000E+000
   0.000000000000000E+000
   6.462514505963409E-001
   0.000000000000000E+000
   0.000000000000000E+000
   0.000000000000000E+000
   0.000000000000000E+000
   0.000000000000000E+000
   0.000000000000000E+000
   2.126240807563838E-001
   0.000000000000000E+000
   0.000000000000000E+000
   1.813168988878413E-002
   0.000000000000000E+000
   0.000000000000000E+000
   0.000000000000000E+000
   0.000000000000000E+000
   0.000000000000000E+000
   0.000000000000000E+000
   0.000000000000000E+000
   0.000000000000000E+000
   0.000000000000000E+000
   0.000000000000000E+000
   8.689716170695208E-001
   0.000000000000000E+000
   0.000000000000000E+000
   0.000000000000000E+000
   0.000000000000000E+000
   0.000000000000000E+000
   0.000000000000000E+000
        1.469467338276398
   0.000000000000000E+000
   6.043246859696248E-002
   0.000000000000000E+000
   0.000000000000000E+000
   0.000000000000000E+000
   0.000000000000000E+000
   0.000000000000000E+000
   0.000000000000000E+000
   0.000000000000000E+000
   0.000000000000000E+000
   0.000000000000000E+000
   0.000000000000000E+000
   0.000000000000000E+000
   8.689716170695208E-001
   0.000000000000000E+000
   0.000000000000000E+000
   0.000000000000000E+000
   0.000000000000000E+000
   0.000000000000000E+000
   4.591448995610127E-001
   0.000000000000000E+000
   1.888252906439033E-002
   0.000000000000000E+000
   0.000000000000000E+000
   0.000000000000000E+000
   0.000000000000000E+000
   0.000000000000000E+000
   0.000000000000000E+000
   0.000000000000000E+000
   0.000000000000000E+000
   0.000000000000000E+000
   0.000000000000000E+000
   0.000000000000000E+000
   0.000000000000000E+000
   8.689716170695208E-001
   0.000000000000000E+000
   0.000000000000000E+000
   0.000000000000000E+000
   0.000000000000000E+000
  -4.183481070713521E-001
   0.000000000000000E+000
  -1.720474364053733E-002
   0.000000000000000E+000
   0.000000000000000E+000
   0.000000000000000E+000
   0.000000000000000E+000
   0.000000000000000E+000
   0.000000000000000E+000
   0.000000000000000E+000
   0.000000000000000E+000
   0.000000000000000E+000
   0.000000000000000E+000
   0.000000000000000E+000
   0.000000000000000E+000
   0.000000000000000E+000
   7.220789040911629E-001
   0.000000000000000E+000
   0.000000000000000E+000
   0.000000000000000E+000
   0.000000000000000E+000
        2.422690780995699
   1.676225931972623E-001
   0.000000000000000E+000
   0.000000000000000E+000
   0.000000000000000E+000
   0.000000000000000E+000
   0.000000000000000E+000
   0.000000000000000E+000
   0.000000000000000E+000
   0.000000000000000E+000
   0.000000000000000E+000
   0.000000000000000E+000
   0.000000000000000E+000
   0.000000000000000E+000
   0.000000000000000E+000
   0.000000000000000E+000
   7.220789040911629E-001
   0.000000000000000E+000
   0.000000000000000E+000
   0.000000000000000E+000
        1.951312395303902
   1.350085807089147E-001
   0.000000000000000E+000
   0.000000000000000E+000
   0.000000000000000E+000
   0.000000000000000E+000
   0.000000000000000E+000
   0.000000000000000E+000
   0.000000000000000E+000
   0.000000000000000E+000
   0.000000000000000E+000
   0.000000000000000E+000
   0.000000000000000E+000
   0.000000000000000E+000
   0.000000000000000E+000
   0.000000000000000E+000
   0.000000000000000E+000
   7.220789040911629E-001
   0.000000000000000E+000
   0.000000000000000E+000
        1.043238424865153
   7.218021031435734E-002
   0.000000000000000E+000
   0.000000000000000E+000
   0.000000000000000E+000
   0.000000000000000E+000
   0.000000000000000E+000
   0.000000000000000E+000
   0.000000000000000E+000
   0.000000000000000E+000
   0.000000000000000E+000
   0.000000000000000E+000
   0.000000000000000E+000
   0.000000000000000E+000
   0.000000000000000E+000
   0.000000000000000E+000
   0.000000000000000E+000
   0.000000000000000E+000
   4.555274034543695E-001
   0.000000000000000E+000
   0.000000000000000E+000
   5.892281541183561E-002
   0.000000000000000E+000
   0.000000000000000E+000
   0.000000000000000E+000
   0.000000000000000E+000
   0.000000000000000E+000
   0.000000000000000E+000
   0.000000000000000E+000
   0.000000000000000E+000
   0.000000000000000E+000
   0.000000000000000E+000
   0.000000000000000E+000
   0.000000000000000E+000
   0.000000000000000E+000
   0.000000000000000E+000
   0.000000000000000E+000
   0.000000000000000E+000
   0.000000000000000E+000
        1.107456533978598
   0.000000000000000E+000
   5.856414097466897E-002
   0.000000000000000E+000
   0.000000000000000E+000
   0.000000000000000E+000
   0.000000000000000E+000
   0.000000000000000E+000
   0.000000000000000E+000
   0.000000000000000E+000
   0.000000000000000E+000
   0.000000000000000E+000
   0.000000000000000E+000
   0.000000000000000E+000
   0.000000000000000E+000
   0.000000000000000E+000
   0.000000000000000E+000
   0.000000000000000E+000
   0.000000000000000E+000
   2.545665417631011E-001
   9.543878017290111E-001
   0.000000000000000E+000
   6.095797088454061E-002
   0.000000000000000E+000
   0.000000000000000E+000
   0.000000000000000E+000
   0.000000000000000E+000
   0.000000000000000E+000
   0.000000000000000E+000
   0.000000000000000E+000
   0.000000000000000E+000
   0.000000000000000E+000
   0.000000000000000E+000
   0.000000000000000E+000
   0.000000000000000E+000
   0.000000000000000E+000
   0.000000000000000E+000
   0.000000000000000E+000
   0.000000000000000E+000
   0.000000000000000E+000
   0.000000000000000E+000
   6.354243985864526E-001
   6.216525187520539E-002
   0.000000000000000E+000
   0.000000000000000E+000
   0.000000000000000E+000
   0.000000000000000E+000
   0.000000000000000E+000
   0.000000000000000E+000
   0.000000000000000E+000
   0.000000000000000E+000
   0.000000000000000E+000
   0.000000000000000E+000
   0.000000000000000E+000
   0.000000000000000E+000
   0.000000000000000E+000
   0.000000000000000E+000
   0.000000000000000E+000
   0.000000000000000E+000
   3.558808008655318E-001
   0.000000000000000E+000
   5.475982815806141E-001
   6.823558286559900E-002
   0.000000000000000E+000
   0.000000000000000E+000
   0.000000000000000E+000
   0.000000000000000E+000
   0.000000000000000E+000
   0.000000000000000E+000
   0.000000000000000E+000
   0.000000000000000E+000
   0.000000000000000E+000
   0.000000000000000E+000
   0.000000000000000E+000
   0.000000000000000E+000
   0.000000000000000E+000
   0.000000000000000E+000
   0.000000000000000E+000
   0.000000000000000E+000
   0.000000000000000E+000
   8.652004582981121E-001
   3.551000235625890E-001
   6.015061136280236E-002
   0.000000000000000E+000
   0.000000000000000E+000
   0.000000000000000E+000
   0.000000000000000E+000
   5.537207163175233E-001
   0.000000000000000E+000
   0.000000000000000E+000
   0.000000000000000E+000
   0.000000000000000E+000
   0.000000000000000E+000
   0.000000000000000E+000
   0.000000000000000E+000
   0.000000000000000E+000
   0.000000000000000E+000
   0.000000000000000E+000
   0.000000000000000E+000
   0.000000000000000E+000
   0.000000000000000E+000
   0.000000000000000E+000
   0.000000000000000E+000
  -5.537207163175233E-001
   2.660746049043057E-001
   0.000000000000000E+000
   0.000000000000000E+000
   0.000000000000000E+000
   5.537207163175233E-001
   0.000000000000000E+000
   0.000000000000000E+000
   0.000000000000000E+000
   0.000000000000000E+000
   0.000000000000000E+000
   0.000000000000000E+000
   0.000000000000000E+000
   0.000000000000000E+000
   0.000000000000000E+000
   0.000000000000000E+000
   0.000000000000000E+000
   0.000000000000000E+000
   0.000000000000000E+000
   0.000000000000000E+000
  -5.537207163175233E-001
   1.964369614607662E-001
   0.000000000000000E+000
   0.000000000000000E+000
   0.000000000000000E+000
   0.000000000000000E+000
   5.537207163175233E-001
   0.000000000000000E+000
   0.000000000000000E+000
   0.000000000000000E+000
   0.000000000000000E+000
   0.000000000000000E+000
   0.000000000000000E+000
   0.000000000000000E+000
   0.000000000000000E+000
   0.000000000000000E+000
   0.000000000000000E+000
   0.000000000000000E+000
   0.000000000000000E+000
   0.000000000000000E+000
  -5.537207163175233E-001
   8.459840547011709E-002
   0.000000000000000E+000
   0.000000000000000E+000
   0.000000000000000E+000
   0.000000000000000E+000
   0.000000000000000E+000
   7.316478156751629E-001
   0.000000000000000E+000
   0.000000000000000E+000
   0.000000000000000E+000
   0.000000000000000E+000
   0.000000000000000E+000
   0.000000000000000E+000
   0.000000000000000E+000
   0.000000000000000E+000
        1.420840205436359
   0.000000000000000E+000
   0.000000000000000E+000
   0.000000000000000E+000
  -4.532974565503521E-001
   1.456511256804224E-001
   0.000000000000000E+000
   0.000000000000000E+000
   0.000000000000000E+000
   0.000000000000000E+000
   0.000000000000000E+000
   0.000000000000000E+000
   7.316478156751629E-001
   0.000000000000000E+000
   0.000000000000000E+000
   0.000000000000000E+000
   0.000000000000000E+000
   0.000000000000000E+000
   0.000000000000000E+000
   0.000000000000000E+000
   9.420412193194151E-001
   0.000000000000000E+000
   0.000000000000000E+000
   0.000000000000000E+000
  -4.532974565503521E-001
   8.006585901390911E-002
   0.000000000000000E+000
   0.000000000000000E+000
   0.000000000000000E+000
   0.000000000000000E+000
   0.000000000000000E+000
   0.000000000000000E+000
   0.000000000000000E+000
   7.316478156751629E-001
   0.000000000000000E+000
   0.000000000000000E+000
   0.000000000000000E+000
   0.000000000000000E+000
   0.000000000000000E+000
   0.000000000000000E+000
   3.834698995347576E-001
   0.000000000000000E+000
   0.000000000000000E+000
   0.000000000000000E+000
  -4.532974565503521E-001
   3.553481121372482E-003
   0.000000000000000E+000
   0.000000000000000E+000
   0.000000000000000E+000
   0.000000000000000E+000
   0.000000000000000E+000
   0.000000000000000E+000
   0.000000000000000E+000
   0.000000000000000E+000
   9.121502694367681E-001
   0.000000000000000E+000
   0.000000000000000E+000
   0.000000000000000E+000
   0.000000000000000E+000
   0.000000000000000E+000
   0.000000000000000E+000
        1.428929332989359
   0.000000000000000E+000
   0.000000000000000E+000
  -2.725411955053758E-001
   6.494983367113691E-002
   0.000000000000000E+000
   0.000000000000000E+000
   0.000000000000000E+000
   0.000000000000000E+000
   0.000000000000000E+000
   0.000000000000000E+000
   0.000000000000000E+000
   0.000000000000000E+000
   0.000000000000000E+000
   9.121502694367681E-001
   0.000000000000000E+000
   0.000000000000000E+000
   0.000000000000000E+000
   0.000000000000000E+000
   0.000000000000000E+000
   7.014592071483201E-001
   0.000000000000000E+000
   0.000000000000000E+000
  -2.725411955053758E-001
   1.689326103599905E-002
   0.000000000000000E+000
   0.000000000000000E+000
   0.000000000000000E+000
   0.000000000000000E+000
   0.000000000000000E+000
   0.000000000000000E+000
   0.000000000000000E+000
   0.000000000000000E+000
   0.000000000000000E+000
   0.000000000000000E+000
   9.121502694367681E-001
   0.000000000000000E+000
   0.000000000000000E+000
   0.000000000000000E+000
   0.000000000000000E+000
   6.963126440646322E-002
   0.000000000000000E+000
   0.000000000000000E+000
  -2.725411955053758E-001
  -2.484520264067783E-002
   0.000000000000000E+000
   0.000000000000000E+000
   0.000000000000000E+000
   0.000000000000000E+000
   0.000000000000000E+000
   0.000000000000000E+000
   0.000000000000000E+000
   0.000000000000000E+000
   0.000000000000000E+000
   0.000000000000000E+000
   0.000000000000000E+000
   7.977186710540830E-001
   0.000000000000000E+000
   0.000000000000000E+000
   0.000000000000000E+000
   0.000000000000000E+000
        2.281662763654868
   0.000000000000000E+000
  -4.009956798962402E-001
   2.102558760933865E-001
   0.000000000000000E+000
   0.000000000000000E+000
   0.000000000000000E+000
   0.000000000000000E+000
   0.000000000000000E+000
   0.000000000000000E+000
   0.000000000000000E+000
   0.000000000000000E+000
   0.000000000000000E+000
   0.000000000000000E+000
   0.000000000000000E+000
   0.000000000000000E+000
   7.977186710540830E-001
   0.000000000000000E+000
   0.000000000000000E+000
   0.000000000000000E+000
        1.885988564681851
   0.000000000000000E+000
  -4.009956798962402E-001
   1.662815155076735E-001
   0.000000000000000E+000
   0.000000000000000E+000
   0.000000000000000E+000
   0.000000000000000E+000
   0.000000000000000E+000
   0.000000000000000E+000
   0.000000000000000E+000
   0.000000000000000E+000
   0.000000000000000E+000
   0.000000000000000E+000
   0.000000000000000E+000
   0.000000000000000E+000
   0.000000000000000E+000
   7.977186710540830E-001
   0.000000000000000E+000
   0.000000000000000E+000
        1.123752849664314
   0.000000000000000E+000
  -4.009956798962402E-001
   8.156831391280317E-002
   0.000000000000000E+000
   0.000000000000000E+000
   0.000000000000000E+000
   0.000000000000000E+000
   0.000000000000000E+000
   0.000000000000000E+000
   0.000000000000000E+000
   0.000000000000000E+000
   0.000000000000000E+000
   0.000000000000000E+000
   0.000000000000000E+000
   0.000000000000000E+000
   0.000000000000000E+000
   0.000000000000000E+000
   4.904504673659021E-001
   0.000000000000000E+000
   0.000000000000000E+000
   0.000000000000000E+000
   0.000000000000000E+000
   1.056604332811041E-001
   0.000000000000000E+000
   0.000000000000000E+000
   0.000000000000000E+000
   0.000000000000000E+000
   0.000000000000000E+000
   0.000000000000000E+000
   0.000000000000000E+000
   0.000000000000000E+000
   0.000000000000000E+000
   0.000000000000000E+000
   0.000000000000000E+000
   0.000000000000000E+000
   0.000000000000000E+000
   0.000000000000000E+000
   0.000000000000000E+000
   9.503598578789464E-001
   0.000000000000000E+000
   0.000000000000000E+000
   0.000000000000000E+000
   8.591590143538790E-002
   0.000000000000000E+000
   0.000000000000000E+000
   0.000000000000000E+000
   0.000000000000000E+000
   0.000000000000000E+000
   0.000000000000000E+000
   0.000000000000000E+000
   0.000000000000000E+000
   0.000000000000000E+000
   0.000000000000000E+000
   0.000000000000000E+000
   0.000000000000000E+000
   0.000000000000000E+000
   0.000000000000000E+000
   2.413995950901415E-001
   7.780017862597847E-001
   0.000000000000000E+000
   0.000000000000000E+000
   0.000000000000000E+000
   8.446129163289004E-002
   0.000000000000000E+000
   0.000000000000000E+000
   0.000000000000000E+000
   0.000000000000000E+000
   0.000000000000000E+000
   0.000000000000000E+000
   0.000000000000000E+000
   0.000000000000000E+000
   0.000000000000000E+000
   0.000000000000000E+000
   0.000000000000000E+000
   0.000000000000000E+000
   0.000000000000000E+000
   0.000000000000000E+000
   0.000000000000000E+000
   0.000000000000000E+000
   6.356794660086136E-001
   0.000000000000000E+000
   0.000000000000000E+000
   1.046874275579023E-001
   0.000000000000000E+000
   0.000000000000000E+000
   0.000000000000000E+000
   0.000000000000000E+000
   0.000000000000000E+000
   0.000000000000000E+000
   0.000000000000000E+000
   0.000000000000000E+000
   0.000000000000000E+000
   0.000000000000000E+000
   0.000000000000000E+000
   0.000000000000000E+000
   0.000000000000000E+000
   0.000000000000000E+000
   3.551763783098950E-001
   0.000000000000000E+000
   5.203920977335332E-001
   0.000000000000000E+000
   0.000000000000000E+000
   1.064868351912586E-001
   0.000000000000000E+000
   0.000000000000000E+000
   0.000000000000000E+000
   0.000000000000000E+000
   0.000000000000000E+000
   0.000000000000000E+000
   0.000000000000000E+000
   0.000000000000000E+000
   0.000000000000000E+000
   0.000000000000000E+000
   0.000000000000000E+000
   0.000000000000000E+000
   0.000000000000000E+000
   0.000000000000000E+000
   0.000000000000000E+000
   6.882353976038196E-001
   3.128812712234869E-001
   0.000000000000000E+000
   0.000000000000000E+000
   8.023766870579845E-002
   0.000000000000000E+000
   0.000000000000000E+000
   4.696259428591942E-001
   0.000000000000000E+000
   0.000000000000000E+000
   0.000000000000000E+000
   0.000000000000000E+000
   0.000000000000000E+000
   0.000000000000000E+000
   0.000000000000000E+000
   0.000000000000000E+000
   0.000000000000000E+000
   0.000000000000000E+000
   0.000000000000000E+000
   0.000000000000000E+000
   0.000000000000000E+000
   0.000000000000000E+000
   0.000000000000000E+000
   0.000000000000000E+000
   0.000000000000000E+000
  -4.696259428591942E-001
   2.041245487032248E-001
   0.000000000000000E+000
   4.696259428591942E-001
   0.000000000000000E+000
   0.000000000000000E+000
   0.000000000000000E+000
   0.000000000000000E+000
   0.000000000000000E+000
   0.000000000000000E+000
   0.000000000000000E+000
   0.000000000000000E+000
   0.000000000000000E+000
   0.000000000000000E+000
   0.000000000000000E+000
   0.000000000000000E+000
   0.000000000000000E+000
   0.000000000000000E+000
   0.000000000000000E+000
   0.000000000000000E+000
  -4.696259428591942E-001
   1.616402953667706E-001
   0.000000000000000E+000
   0.000000000000000E+000
   4.696259428591942E-001
   0.000000000000000E+000
   0.000000000000000E+000
   0.000000000000000E+000
   0.000000000000000E+000
   0.000000000000000E+000
   0.000000000000000E+000
   0.000000000000000E+000
   0.000000000000000E+000
   0.000000000000000E+000
   0.000000000000000E+000
   0.000000000000000E+000
   0.000000000000000E+000
   0.000000000000000E+000
   0.000000000000000E+000
   0.000000000000000E+000
  -4.696259428591942E-001
   9.341027909199166E-002
   0.000000000000000E+000
   0.000000000000000E+000
   0.000000000000000E+000
   6.514158997979900E-001
   0.000000000000000E+000
   0.000000000000000E+000
   0.000000000000000E+000
   0.000000000000000E+000
   0.000000000000000E+000
   0.000000000000000E+000
   0.000000000000000E+000
   0.000000000000000E+000
        1.267994519048152
   0.000000000000000E+000
   0.000000000000000E+000
   0.000000000000000E+000
   0.000000000000000E+000
   0.000000000000000E+000
  -4.035892190321096E-001
   1.293268703603441E-001
   0.000000000000000E+000
   0.000000000000000E+000
   0.000000000000000E+000
   0.000000000000000E+000
   6.514158997979900E-001
   0.000000000000000E+000
   0.000000000000000E+000
   0.000000000000000E+000
   0.000000000000000E+000
   0.000000000000000E+000
   0.000000000000000E+000
   0.000000000000000E+000
   7.399034438687474E-001
   0.000000000000000E+000
   0.000000000000000E+000
   0.000000000000000E+000
   0.000000000000000E+000
   0.000000000000000E+000
  -4.035892190321096E-001
   8.303815675946112E-002
   0.000000000000000E+000
   0.000000000000000E+000
   0.000000000000000E+000
   0.000000000000000E+000
   0.000000000000000E+000
   6.514158997979900E-001
   0.000000000000000E+000
   0.000000000000000E+000
   0.000000000000000E+000
   0.000000000000000E+000
   0.000000000000000E+000
   0.000000000000000E+000
   1.238275176816102E-001
   0.000000000000000E+000
   0.000000000000000E+000
   0.000000000000000E+000
   0.000000000000000E+000
   0.000000000000000E+000
  -4.035892190321096E-001
   2.903731591209944E-002
   0.000000000000000E+000
   0.000000000000000E+000
   0.000000000000000E+000
   0.000000000000000E+000
   0.000000000000000E+000
   0.000000000000000E+000
   8.718715858331891E-001
   0.000000000000000E+000
   0.000000000000000E+000
   0.000000000000000E+000
   0.000000000000000E+000
   0.000000000000000E+000
   0.000000000000000E+000
        1.232915145582581
   0.000000000000000E+000
   0.000000000000000E+000
   0.000000000000000E+000
   0.000000000000000E+000
  -2.605063357344297E-001
   6.385451505715956E-002
   0.000000000000000E+000
   0.000000000000000E+000
   0.000000000000000E+000
   0.000000000000000E+000
   0.000000000000000E+000
   0.000000000000000E+000
   0.000000000000000E+000
   8.718715858331891E-001
   0.000000000000000E+000
   0.000000000000000E+000
   0.000000000000000E+000
   0.000000000000000E+000
   0.000000000000000E+000
   2.401183952202209E-001
   0.000000000000000E+000
   0.000000000000000E+000
   0.000000000000000E+000
   0.000000000000000E+000
  -2.605063357344297E-001
   2.188719909546469E-002
   0.000000000000000E+000
   0.000000000000000E+000
   0.000000000000000E+000
   0.000000000000000E+000
   0.000000000000000E+000
   0.000000000000000E+000
   0.000000000000000E+000
   0.000000000000000E+000
   8.718715858331891E-001
   0.000000000000000E+000
   0.000000000000000E+000
   0.000000000000000E+000
   0.000000000000000E+000
  -6.221530659164781E-001
   0.000000000000000E+000
   0.000000000000000E+000
   0.000000000000000E+000
   0.000000000000000E+000
  -2.605063357344297E-001
  -1.456257659232659E-002
   0.000000000000000E+000
   0.000000000000000E+000
   0.000000000000000E+000
   0.000000000000000E+000
   0.000000000000000E+000
   0.000000000000000E+000
   0.000000000000000E+000
   0.000000000000000E+000
   0.000000000000000E+000
   7.268110930794860E-001
   0.000000000000000E+000
   0.000000000000000E+000
   0.000000000000000E+000
   0.000000000000000E+000
        2.281364123334342
   0.000000000000000E+000
   0.000000000000000E+000
   0.000000000000000E+000
  -3.653519956357881E-001
   1.787050859191712E-001
   0.000000000000000E+000
   0.000000000000000E+000
   0.000000000000000E+000
   0.000000000000000E+000
   0.000000000000000E+000
   0.000000000000000E+000
   0.000000000000000E+000
   0.000000000000000E+000
   0.000000000000000E+000
   0.000000000000000E+000
   7.268110930794860E-001
   0.000000000000000E+000
   0.000000000000000E+000
   0.000000000000000E+000
        1.813693721334280
   0.000000000000000E+000
   0.000000000000000E+000
   0.000000000000000E+000
  -3.653519956357881E-001
   1.454456481407674E-001
   0.000000000000000E+000
   0.000000000000000E+000
   0.000000000000000E+000
   0.000000000000000E+000
   0.000000000000000E+000
   0.000000000000000E+000
   0.000000000000000E+000
   0.000000000000000E+000
   0.000000000000000E+000
   0.000000000000000E+000
   0.000000000000000E+000
   7.268110930794860E-001
   0.000000000000000E+000
   0.000000000000000E+000
   9.127628944410988E-001
   0.000000000000000E+000
   0.000000000000000E+000
   0.000000000000000E+000
  -3.653519956357881E-001
   8.137391588755612E-002
   0.000000000000000E+000
   0.000000000000000E+000
   0.000000000000000E+000
   0.000000000000000E+000
   0.000000000000000E+000
   0.000000000000000E+000
   0.000000000000000E+000
   0.000000000000000E+000
   0.000000000000000E+000
   0.000000000000000E+000
   0.000000000000000E+000
   0.000000000000000E+000
   4.587880173881054E-001
   0.000000000000000E+000
   0.000000000000000E+000
   0.000000000000000E+000
   0.000000000000000E+000
   0.000000000000000E+000
   0.000000000000000E+000
   6.111503883505487E-002
   0.000000000000000E+000
   0.000000000000000E+000
   0.000000000000000E+000
   0.000000000000000E+000
   0.000000000000000E+000
   0.000000000000000E+000
   0.000000000000000E+000
   0.000000000000000E+000
   0.000000000000000E+000
   0.000000000000000E+000
   0.000000000000000E+000
   0.000000000000000E+000
   0.000000000000000E+000
        1.100004787844547
   0.000000000000000E+000
   0.000000000000000E+000
   0.000000000000000E+000
   0.000000000000000E+000
   0.000000000000000E+000
   5.999020597546303E-002
   0.000000000000000E+000
   0.000000000000000E+000
   0.000000000000000E+000
   0.000000000000000E+000
   0.000000000000000E+000
   0.000000000000000E+000
   0.000000000000000E+000
   0.000000000000000E+000
   0.000000000000000E+000
   0.000000000000000E+000
   0.000000000000000E+000
   0.000000000000000E+000
   2.544944271199972E-001
   9.453269777961768E-001
   0.000000000000000E+000
   0.000000000000000E+000
   0.000000000000000E+000
   0.000000000000000E+000
   0.000000000000000E+000
   6.226785701818886E-002
   0.000000000000000E+000
   0.000000000000000E+000
   0.000000000000000E+000
   0.000000000000000E+000
   0.000000000000000E+000
   0.000000000000000E+000
   0.000000000000000E+000
   0.000000000000000E+000
   0.000000000000000E+000
   0.000000000000000E+000
   0.000000000000000E+000
   0.000000000000000E+000
   0.000000000000000E+000
   0.000000000000000E+000
   6.372379680073544E-001
   0.000000000000000E+000
   0.000000000000000E+000
   0.000000000000000E+000
   0.000000000000000E+000
   6.423934155630687E-002
   0.000000000000000E+000
   0.000000000000000E+000
   0.000000000000000E+000
   0.000000000000000E+000
   0.000000000000000E+000
   0.000000000000000E+000
   0.000000000000000E+000
   0.000000000000000E+000
   0.000000000000000E+000
   0.000000000000000E+000
   0.000000000000000E+000
   0.000000000000000E+000
   3.569204816625461E-001
   0.000000000000000E+000
   5.476323822315039E-001
   0.000000000000000E+000
   0.000000000000000E+000
   0.000000000000000E+000
   0.000000000000000E+000
   7.023122963146528E-002
   0.000000000000000E+000
   0.000000000000000E+000
   0.000000000000000E+000
   0.000000000000000E+000
   0.000000000000000E+000
   0.000000000000000E+000
   0.000000000000000E+000
   0.000000000000000E+000
   0.000000000000000E+000
   0.000000000000000E+000
   0.000000000000000E+000
   0.000000000000000E+000
   0.000000000000000E+000
   8.557639341666935E-001
   3.534824482348115E-001
   0.000000000000000E+000
   0.000000000000000E+000
   0.000000000000000E+000
   0.000000000000000E+000
   6.131339407331823E-002
   2.163643299552482E-002
   0.000000000000000E+000
   3.593583594603565E-002
   0.000000000000000E+000
   0.000000000000000E+000
   5.537942485484156E-002
   0.000000000000000E+000
   0.000000000000000E+000
   0.000000000000000E+000
   4.447276943682120E-002
   0.000000000000000E+000
   0.000000000000000E+000
   0.000000000000000E+000
   0.000000000000000E+000
   8.454995227084192E-002
   0.000000000000000E+000
   0.000000000000000E+000
   0.000000000000000E+000
   0.000000000000000E+000
   0.000000000000000E+000
   1.092559707207486E-001
   0.000000000000000E+000
   0.000000000000000E+000
   0.000000000000000E+000
   0.000000000000000E+000
   0.000000000000000E+000
   0.000000000000000E+000
   6.671377194683004E-002
   0.000000000000000E+000
   0.000000000000000E+000
   0.000000000000000E+000
   0.000000000000000E+000
   0.000000000000000E+000
   0.000000000000000E+000
   0.000000000000000E+000
   2.094650035626328E-001
   0.000000000000000E+000
   0.000000000000000E+000
   0.000000000000000E+000
   0.000000000000000E+000
   0.000000000000000E+000
   0.000000000000000E+000
   0.000000000000000E+000
   0.000000000000000E+000
   1.852772566065507E-001
   0.000000000000000E+000
   0.000000000000000E+000
   0.000000000000000E+000
   0.000000000000000E+000
   0.000000000000000E+000
   0.000000000000000E+000
   0.000000000000000E+000
   0.000000000000000E+000
   0.000000000000000E+000
   1.075130255724665E-002
   0.000000000000000E+000
   0.000000000000000E+000
   0.000000000000000E+000
   0.000000000000000E+000
   0.000000000000000E+000
   0.000000000000000E+000
   0.000000000000000E+000
   0.000000000000000E+000
   0.000000000000000E+000
   0.000000000000000E+000
   3.063964702052498E-002
   0.000000000000000E+000
   0.000000000000000E+000
   0.000000000000000E+000
   0.000000000000000E+000
   0.000000000000000E+000
   0.000000000000000E+000
   0.000000000000000E+000
   0.000000000000000E+000
   0.000000000000000E+000
   0.000000000000000E+000
   0.000000000000000E+000
   1.068500848713176E-001
   0.000000000000000E+000
   0.000000000000000E+000
   0.000000000000000E+000
   9.015371368053751E-002
   1.043720874811183E-001
   3.350546672846473E-002
   0.000000000000000E+000
   0.000000000000000E+000
   0.000000000000000E+000
   0.000000000000000E+000
   0.000000000000000E+000
   0.000000000000000E+000
   5.043361387950895E-001
   0.000000000000000E+000
   0.000000000000000E+000
   0.000000000000000E+000
   0.000000000000000E+000
   0.000000000000000E+000
   0.000000000000000E+000
   1.032959561095484E-001
   9.639231258891749E-002
  -9.465463003043742E-002
   0.000000000000000E+000
   0.000000000000000E+000
   0.000000000000000E+000
   1.024139343712608E-001
        1.160170275931982
   0.000000000000000E+000
   0.000000000000000E+000
   0.000000000000000E+000
   0.000000000000000E+000
   0.000000000000000E+000
   0.000000000000000E+000
   0.000000000000000E+000
   0.000000000000000E+000
   0.000000000000000E+000
   3.406981155641690E-002
   7.872018107900028E-002
   1.481264545681657E-001
   4.015862522216015E-002
   5.066425352800347E-002
   7.556481364491190E-001
   4.168071773951555E-003
   5.270222999492904E-003
   4.722638046451521E-003
   4.072150891846745E-003
   4.924566668943887E-003
   1.666571703461209E-003
   1.904216581693333E-003
   2.355432207168566E-003
  -2.014940896233717E-003
   8.623501761796326E-004
   2.711032818351009E-003
   6.440699517557874E-003
   3.329364414719009E-002
   3.656768553515960E-002
   3.663190204489666E-002
   1.177199523774353E-002
  -3.727066166698138E-003
  -4.778913865821494E-003
  -7.637871953241431E-003
  -3.717111078048938E-003
  -6.545756739904767E-003
  -8.318911807517463E-003
  -2.690912709861551E-003
  -6.829857507678159E-003
  -5.268982339318311E-003
  -8.670312265554844E-004
  -2.831551216305319E-003
  -5.808902949481760E-003
  -2.000668284638074E-002
  -9.869948779259920E-003
  -1.735739405902072E-002
   0.000000000000000E+000
   3.685455344210291E-002
   1.790934723106420E-003
   1.695358853697614E-003
   1.166927242177855E-003
   1.194362344137392E-003
   1.156175991511094E-003
   6.521346111963525E-005
   6.412767530610200E-004
   4.233435811490349E-004
  -4.803271435269464E-004
   4.546143993045450E-004
   1.174163840385202E-003
   1.181614772994413E-003
   7.502702399271436E-003
   7.916359171255083E-003
   9.211681837525496E-003
   0.000000000000000E+000
  -7.737220299651997E-003
   4.217167609413290E-003
  -7.250412056659260E-003
  -1.373464993436112E-002
  -1.828083238015236E-002
  -9.787363479900170E-003
  -1.801116727808399E-002
  -2.256963073923123E-002
  -9.061275097228743E-003
  -2.336832223160504E-002
  -1.968213947073624E-002
  -2.670062897866411E-003
  -5.281662212138443E-003
  -1.551389161921998E-002
  -4.379934432652531E-002
  -5.204486528890615E-003
  -4.104396341367465E-002
   0.000000000000000E+000
   0.000000000000000E+000
   0.000000000000000E+000
   9.783794286374235E-002
   3.151416806251117E-003
   4.727321618207454E-003
   3.636122920014955E-003
   3.136280723677882E-003
   3.705783161020028E-003
   1.623833013592831E-003
   2.221071996202459E-003
   1.963357704019617E-003
  -1.100252179032011E-003
   1.306011258382376E-003
   2.102615540304514E-003
   3.455369415771728E-003
   1.875668751847133E-002
   2.338641890596597E-002
   2.115175112913763E-002
   0.000000000000000E+000
   0.000000000000000E+000
   0.000000000000000E+000
  -2.113186736138325E-002
   8.697636934744356E-003
      402.342329829692176
      319.844640421322481
      275.894614346845856
      188.914179138471070
      162.332610276270799
      111.376567055324500
      -34.815240115515216
      -24.271934189270361
       -7.388385082501319
       39.694209720156856
      -19.171064006818895
      -11.516170989937713
  -3.082560098649987E-001
       24.487777982254389
       23.013976429648782
        5.667985743994684
        7.585935227932879
       12.450143719131251
       14.790691899498553
       14.051368217683258
       15.495880632865005
       11.627472733967544
       10.883786015127392
        9.082538023541064
        3.514281345052229
        3.747630974657787
        3.970359277103991
       20.042783474536737
        8.116367844479825
        7.699277251694435
        7.376622017905394
        3.324831890047998
        3.047934382549328
        4.029122710347948
        5.125798897675456
        6.450840521942165
        7.614970974130896
        7.225734699502461
        8.224423113451152
        4.140099356875792
        3.858863395909164
        4.958363656715593
        1.886672391810721
        3.286498525828472
        6.807294152155539
      -46.362295416210586
      -37.105189939988747
      -15.945764253920984
       11.195034414752785
        7.570748696311549
        5.199969096787747
        2.686333096837212
        3.618577262992961
        3.613738223788427
      123.280964092764535
      -28.675903021248068
      -20.832303018403699
       -4.477111470008843
       10.526285109629498
        8.458075613533671
        6.708295882453106
        6.406115264985209
        3.652278393886208
        2.898122027906354
       55.878835038200407
       57.615436592937428
       -5.767903683269111
       -2.287748731206541
        7.263963037651887
        7.331361569505027
        6.907872668495814
        7.327345558928872
        3.050441389560215
        2.500208510880507
        3.524407778238200
       26.208421951310164
       25.973604646961221
       23.951833584717431
      106.144251517590320
       86.880086186163823
       48.557500315518723
      -20.009289980048123
      -13.262109139754111
       -3.871291564960382
        1.663058847576262
        1.004778183607173
   2.544824399115921E-001
      -14.769447818108510
      -10.465767669817039
       -4.571368621998793
       35.320768448048128
       40.106092716961655
       32.756598295413944
       18.834990148694214
       -4.978132605144189
       -3.388621949567505
       -1.032170167808849
       -2.000493827274447
  -6.621726657832905E-001
   7.123304335340418E-001
       -6.675521639011784
       -4.639941728121546
       -1.572408262558975
       11.781356963753669
        6.501836801150413
       81.579992636663718
       67.152884748538327
       37.618155562906409
      -10.533209377690966
       -6.916790114875395
       -1.523891149617910
        1.058234533491447
   6.316128821933042E-001
   5.454101696443757E-001
      -24.451343573975457
      -18.825367902839421
      -10.401901327882838
       24.013564042796272
        9.459296153620107
       23.703383647957789
     -983.407167240243098
     -818.416886215286695
     -487.729601536197379
      107.897469518269702
       63.381287294590990
       -2.453153180184680
      -17.308955415086661
      -10.930101084752593
      -14.398311316394723
      160.811777613780350
       92.116940391562252
       18.744369631860678
     -282.807334951663279
     -114.088676857618708
     -220.458360330537118
     2865.997466658563098
      107.389369384920116
       92.339326384892928
       68.518221024589479
        5.055289763285796
        8.775527334574679
       16.043059608436327
       10.983016182025963
        8.718354634385904
        8.205076494218375
       -3.831476426347431
        4.492067359848534
       10.652112892432564
       24.005348591890844
        8.629791161655831
       19.384819107493801
     -261.816960528546701
      154.685908373591218
     -614.284843407751964
     -492.819397171921253
     -267.559568567694555
       80.121326416644564
       53.347404652176266
       20.856590566420763
  -5.620136044963431E-001
        1.523559347869625
  -1.046269593804259E-001
      130.788182806271152
       87.877308712004861
       36.701103648321606
     -180.023072096003801
      -71.315251167878898
     -147.666115672204484
     1606.252565215436334
      -17.254888112714028
     1824.892171366491766
      -15.423358591529961
       -4.779831296666146
       11.912909312460641
       20.954978673721399
       20.207568621516629
       20.189193505691925
       10.993142911393496
       10.152224110890925
        9.956722072094305
       15.911633617027569
       16.388657459990831
       15.494538506824973
      -12.011173094362874
       -6.177878029076211
       -8.877294963087422
       63.745083832908904
       20.869552610400348
       76.101314557738874
       96.071012232645302
     -952.969550557409548
     -774.619306808393958
     -429.662602384687034
      130.162942408850313
       89.442584678370849
       34.125878338597630
       -3.847308137581329
        5.594408390571022
        3.770428000094209
      133.696728705461283
       99.537724634534527
       45.777741005736488
     -285.281660100597719
     -115.995241850995001
     -220.498465227126758
     2531.388395275789662
     -208.579688700693168
     1636.198779840227871
      234.077153215229600
     3125.589472986934197
